Y2015M04D28h05m43s02_1.jpeg 4 22 18 5 11 9 140 120 121 60 52 40 51 7 199 182 188
Y2015M04D28h05m43s02_10.jpeg 4 34 8 4 5 4 142 134 135 32 49 43 49 28 204 196 195
Y2015M04D28h05m43s02_2.jpeg 4 20 12 6 10 22 202 192 197 51 44 38 47 5 117 108 114
Y2015M04D28h05m43s02_3.jpeg 5 20 12 5 10 27 204 191 194 34 46 38 47 8 141 123 124 7 88 70 73
Y2015M04D28h05m43s02_4.jpeg 4 19 9 4 8 12 215 203 210 62 50 45 53 4 133 123 129
Y2015M04D28h05m43s02_5.jpeg 5 20 11 5 8 20 210 199 200 48 46 39 48 5 99 77 78 4 137 127 132
Y2015M04D28h05m43s02_6.jpeg 4 44 5 3 4 3 139 128 132 31 43 36 46 20 207 199 198
Y2015M04D28h05m43s02_7.jpeg 4 20 8 4 6 14 205 196 194 61 42 38 48 3 112 104 106
Y2015M04D28h05m43s02_8.jpeg 5 20 9 5 8 5 159 150 156 51 46 39 48 19 208 199 199 2 87 81 84
Y2015M04D28h05m43s02_9.jpeg 5 22 9 5 6 19 205 196 197 44 46 40 48 7 106 82 85 5 151 139 142
Y2015M04D28h06m03s18_1.jpeg 4 19 12 7 10 20 121 108 108 36 67 56 64 22 179 171 174
Y2015M04D28h06m03s18_2.jpeg 4 26 8 4 8 12 194 187 192 45 58 50 60 16 120 112 120
Y2015M04D28h06m03s18_3.jpeg 4 25 7 4 7 11 184 178 182 51 52 44 54 11 106 98 106
Y2015M04D28h06m04s36_1.jpeg 6 20 10 6 14 10 123 135 156 29 189 183 190 24 44 42 54 8 152 134 145 6 91 74 85
Y2015M04D28h06m04s36_2.jpeg 5 29 9 4 11 6 126 118 126 35 43 38 54 24 186 175 185 3 129 89 107
Y2015M04D28h06m04s36_3.jpeg 5 30 9 5 11 8 135 132 146 21 45 43 56 36 195 187 195 3 120 85 95
Y2015M04D28h06m04s36_4.jpeg 7 15 11 5 17 6 105 98 113 42 41 40 54 4 129 86 100 15 202 189 201 9 146 146 165 5 66 36 49
Y2015M04D28h06m04s36_5.jpeg 5 32 7 5 11 7 134 131 145 25 195 189 196 31 46 43 58 3 137 104 112
Y2015M04D28h06m04s36_6.jpeg 4 35 8 5 10 5 133 128 136 29 47 42 58 28 200 194 199
Y2015M04D28h06m04s36_7.jpeg 7 15 12 7 20 7 131 144 169 5 70 35 45 43 44 42 60 15 197 191 196 6 126 77 90 7 144 130 138
Y2015M04D28h06m04s36_8.jpeg 5 32 8 5 8 7 146 137 144 36 45 41 54 4 90 73 81 19 193 185 189
Y2015M04D28h06m04s36_9.jpeg 5 22 8 4 8 6 114 107 115 27 44 38 50 40 191 182 187 4 140 94 103
Y2015M04D28h06m06s06_1.jpeg 5 11 11 6 13 7 108 98 96 56 41 40 53 10 87 86 108 14 168 157 162
Y2015M04D28h06m06s06_10.jpeg 4 19 5 3 5 21 195 186 195 45 49 47 64 13 86 88 108
Y2015M04D28h06m06s06_2.jpeg 6 35 24 19 29 16 188 174 179 23 59 60 83 8 82 66 67 7 90 102 128 7 127 112 110
Y2015M04D28h06m06s06_3.jpeg 5 16 12 7 14 10 144 136 144 42 54 52 67 17 96 77 78 12 200 189 194
Y2015M04D28h06m06s06_4.jpeg 6 16 8 4 8 9 150 142 147 22 37 33 44 5 109 93 91 34 198 188 191 11 77 75 92
Y2015M04D28h06m06s06_5.jpeg 5 24 7 3 6 26 185 176 179 24 38 36 48 16 72 73 93 7 111 94 90
Y2015M04D28h06m06s06_6.jpeg 5 14 5 3 4 15 181 175 180 55 40 39 52 11 70 71 95 4 96 91 98
Y2015M04D28h06m06s06_7.jpeg 5 24 7 4 6 24 190 182 184 30 39 37 45 11 73 78 95 8 108 92 93
Y2015M04D28h06m06s06_8.jpeg 5 21 5 3 5 28 186 180 185 26 35 33 45 17 69 73 93 6 87 71 77
Y2015M04D28h06m06s06_9.jpeg 5 29 5 3 4 22 184 177 181 32 41 40 55 8 86 72 75 7 86 87 109
Y2015M04D29h04m23s27_1.jpeg 4 19 7 3 4 13 64 48 50 30 196 187 185 36 120 102 99
Y2015M04D29h04m23s27_10.jpeg 3 7 46 34 35 85 110 93 90 7 191 186 190
Y2015M04D29h04m23s27_2.jpeg 4 32 7 4 3 11 71 57 54 15 204 194 192 39 128 111 108
Y2015M04D29h04m23s27_3.jpeg 4 12 15 6 5 14 82 66 64 24 204 192 190 49 132 115 114
Y2015M04D29h04m23s27_4.jpeg 4 12 14 5 5 19 77 57 57 22 206 191 189 45 121 102 100
Y2015M04D29h04m23s27_5.jpeg 4 5 8 4 3 16 206 195 193 16 70 51 49 61 107 89 86
Y2015M04D29h04m23s27_6.jpeg 4 5 27 14 13 23 204 194 195 50 95 77 73 20 142 125 120
Y2015M04D29h04m23s27_7.jpeg 4 4 16 8 7 22 193 181 180 12 74 56 53 60 117 97 94
Y2015M04D29h04m23s27_8.jpeg 4 9 14 4 2 30 206 194 191 11 58 41 39 48 120 102 100
Y2015M04D29h04m23s27_9.jpeg 5 9 8 3 3 8 151 138 141 11 61 45 46 41 103 84 85 28 207 196 193
Y2015M04D29h05m39s56_1.jpeg 3 20 10 6 17 28 143 138 147 51 44 43 56
Y2015M04D29h05m39s56_2.jpeg 4 21 12 10 20 15 99 99 113 21 162 158 168 41 44 44 55
Y2015M04D29h05m39s56_3.jpeg 4 29 7 5 11 9 114 112 123 33 44 43 55 26 182 178 186
Y2015M04D29h05m39s56_4.jpeg 4 22 9 5 15 9 118 112 124 42 38 35 50 25 187 182 191
Y2015M04D29h05m39s56_5.jpeg 4 16 7 6 14 9 104 105 116 56 35 36 49 17 170 167 172
Y2015M04D29h05m39s56_6.jpeg 4 17 9 7 18 10 113 111 122 49 39 39 55 22 183 178 186
Y2015M04D29h05m39s56_7.jpeg 4 25 8 6 13 11 105 105 118 35 41 41 54 27 184 178 184
Y2015M04D29h05m39s56_8.jpeg 4 12 12 8 15 8 138 132 140 69 46 44 55 9 190 185 191
Y2015M04D29h05m40s23_1.jpeg 4 10 18 14 29 11 164 157 170 66 50 53 71 11 107 101 115
Y2015M04D29h05m40s23_10.jpeg 3 7 11 16 30 16 175 179 188 75 61 71 94
Y2015M04D29h05m40s23_2.jpeg 3 8 9 5 17 10 128 126 136 81 53 58 77
Y2015M04D29h05m40s23_3.jpeg 4 12 7 7 15 26 171 169 178 50 52 56 73 10 100 99 110
Y2015M04D29h05m40s23_4.jpeg 4 10 6 5 11 21 181 178 186 55 54 58 76 11 103 102 112
Y2015M04D29h05m40s23_5.jpeg 4 9 13 11 23 20 179 176 185 56 56 58 78 12 98 100 114
Y2015M04D29h05m40s23_6.jpeg 3 11 6 6 13 24 181 179 188 64 61 65 84
Y2015M04D29h05m40s23_7.jpeg 4 12 9 10 19 20 197 197 205 57 60 65 83 9 127 128 140
Y2015M04D29h05m40s23_8.jpeg 3 10 7 8 18 19 184 185 195 69 61 69 89
Y2015M04D29h05m40s23_9.jpeg 4 7 9 11 20 10 193 193 200 74 51 58 77 6 124 123 132
Y2015M04D30h03m37s58_1.jpeg 5 16 3 6 16 12 115 123 145 9 15 24 51 33 179 187 206 28 49 59 87
Y2015M04D30h03m37s58_10.jpeg 5 8 5 12 33 6 175 188 213 72 37 54 81 8 75 87 106 5 123 133 152
Y2015M04D30h03m37s58_2.jpeg 4 28 14 24 39 8 115 127 147 54 46 62 87 8 169 181 201
Y2015M04D30h03m37s58_3.jpeg 4 18 4 8 27 11 114 122 143 38 44 52 80 32 178 187 204
Y2015M04D30h03m37s58_4.jpeg 4 17 4 10 29 7 113 125 147 40 44 56 84 34 177 188 207
Y2015M04D30h03m37s58_5.jpeg 4 16 5 13 36 19 159 170 192 54 42 56 86 9 87 98 121
Y2015M04D30h03m37s58_6.jpeg 4 15 4 10 29 30 164 174 193 42 37 48 74 11 82 91 112
Y2015M04D30h03m37s58_7.jpeg 4 15 5 14 38 11 119 132 154 46 45 56 87 25 174 187 206
Y2015M04D30h03m37s58_8.jpeg 4 18 5 11 31 13 119 127 147 28 172 184 207 39 41 53 79
Y2015M04D30h03m37s58_9.jpeg 4 20 3 11 33 31 162 175 196 38 40 54 83 8 87 100 120
Y2015M04D30h04m06s21_1.jpeg 5 27 2 3 6 24 71 97 136 20 121 155 196 15 49 64 85 10 149 165 183
Y2015M04D30h04m06s21_10.jpeg 6 27 2 3 6 21 77 107 147 19 131 160 193 9 23 34 54 9 76 91 114 11 162 172 187
Y2015M04D30h04m06s21_2.jpeg 7 39 2 3 5 6 34 44 68 9 137 165 195 16 89 120 160 10 168 179 193 4 117 116 131 12 66 85 115
Y2015M04D30h04m06s21_3.jpeg 6 28 3 4 10 13 42 55 77 11 163 176 193 25 72 98 134 16 120 149 182 5 102 104 124
Y2015M04D30h04m06s21_4.jpeg 4 33 3 4 7 15 43 58 81 24 139 159 179 26 80 106 141
Y2015M04D30h04m06s21_5.jpeg 3 14 4 9 18 25 132 154 176 59 60 81 109
Y2015M04D30h04m06s21_6.jpeg 4 15 3 6 13 26 138 161 183 19 46 60 85 38 71 96 130
Y2015M04D30h04m06s21_7.jpeg 4 4 3 11 28 26 135 160 184 50 72 100 137 18 47 65 87
Y2015M04D30h04m06s21_8.jpeg 4 10 3 6 12 39 116 151 186 36 70 100 139 14 152 172 192
Y2015M04D30h04m06s21_9.jpeg 5 4 3 7 13 32 114 149 187 48 66 96 131 7 36 55 83 6 154 174 196
Y2015M04D30h05m24s42_1.jpeg 4 18 10 5 10 10 124 117 121 36 50 44 52 35 198 192 196
Y2015M04D30h05m24s42_10.jpeg 4 25 8 6 7 8 130 127 130 21 194 190 188 44 52 49 57
Y2015M04D30h05m24s42_2.jpeg 3 12 10 5 9 84 45 42 51 3 102 93 100
Y2015M04D30h05m24s42_3.jpeg 4 17 12 7 13 8 123 117 122 18 202 194 199 55 50 47 57
Y2015M04D30h05m24s42_4.jpeg 5 18 8 5 8 8 135 132 134 49 42 40 47 15 203 196 197 7 80 77 80
Y2015M04D30h05m24s42_5.jpeg 4 20 10 6 10 11 122 115 122 38 46 41 50 29 200 193 194
Y2015M04D30h05m24s42_6.jpeg 5 23 9 5 9 8 144 137 143 36 46 40 48 24 203 195 198 6 90 83 89
Y2015M04D30h05m24s42_7.jpeg 4 11 12 5 11 6 204 193 197 75 47 44 54 6 130 122 126
Y2015M04D30h05m24s42_8.jpeg 4 17 11 6 10 25 190 184 185 48 51 47 58 7 108 102 107
Y2015M04D30h05m24s42_9.jpeg 4 34 6 4 5 25 191 187 185 35 52 49 57 3 114 110 112
Y2015M04D30h12m04s09_1.jpeg 5 13 4 3 2 4 67 73 60 33 172 176 168 33 125 124 119 14 242 238 235
Y2015M04D30h12m04s09_2.jpeg 4 43 3 3 2 8 106 103 97 17 235 231 228 30 162 163 155
Y2015M04D30h12m04s09_3.jpeg 4 23 7 6 5 32 116 116 111 29 166 171 162 13 238 233 232
Y2015M04D30h12m04s09_4.jpeg 5 12 4 3 2 7 75 77 67 34 169 175 165 11 236 233 230 34 128 131 124
Y2015M04D30h12m04s09_5.jpeg 5 30 4 4 4 7 77 76 71 13 237 235 231 21 127 125 123 26 171 172 168
Y2015M04D30h12m04s09_6.jpeg 5 18 5 4 3 9 88 88 78 22 237 235 229 21 131 131 123 27 173 175 166
Y2015M04D30h12m04s09_7.jpeg 5 7 7 7 4 11 71 74 65 14 235 233 227 34 127 129 122 32 170 175 166
Y2015M04D30h12m04s09_8.jpeg 4 16 5 5 3 18 102 99 93 19 230 228 223 45 154 159 149
Y2015M04D30h12m04s09_9.jpeg 6 14 6 5 4 6 56 66 54 16 235 233 230 11 157 148 158 35 158 166 155 15 107 110 104
Y2015M04D30h12m12s38_1.jpeg 4 16 18 14 19 23 226 229 233 45 76 76 89 14 136 133 141
Y2015M04D30h12m12s38_2.jpeg 4 13 15 10 16 13 156 149 155 54 71 68 78 18 214 206 206
Y2015M04D30h12m12s38_3.jpeg 4 9 16 12 18 27 221 220 222 47 63 64 78 15 123 126 138
Y2015M04D30h12m12s38_4.jpeg 4 16 8 6 9 21 207 199 201 37 56 53 64 24 105 104 117
Y2015M04D30h12m12s38_5.jpeg 4 9 10 6 8 25 199 190 193 21 52 47 57 42 89 89 99
Y2015M05D06h03m18s49_1.jpeg 5 5 13 10 21 77 196 201 222 8 172 165 176 4 58 51 69 3 108 102 120
Y2015M05D06h03m18s49_10.jpeg 3 24 3 3 5 5 91 92 110 69 182 189 211
Y2015M05D06h03m18s49_2.jpeg 4 18 4 4 7 7 128 121 128 69 189 192 211 4 56 50 56
Y2015M05D06h03m18s49_3.jpeg 4 8 9 6 11 75 183 186 208 8 71 62 68 8 135 126 131
Y2015M05D06h03m18s49_4.jpeg 4 26 3 2 3 5 64 54 61 60 177 180 200 7 119 104 106
Y2015M05D06h03m18s49_5.jpeg 6 9 6 5 12 18 139 143 169 48 195 203 230 10 166 156 160 6 62 54 62 6 103 94 102
Y2015M05D06h03m18s49_6.jpeg 4 27 4 4 5 7 155 157 186 62 190 195 214 2 64 54 69
Y2015M05D06h03m18s49_7.jpeg 3 26 4 5 8 70 189 195 218 3 96 93 117
Y2015M05D06h03m18s49_8.jpeg 4 26 2 1 3 63 181 185 206 4 54 45 54 6 108 98 103
Y2015M05D06h03m18s49_9.jpeg 4 31 3 2 3 5 62 52 58 56 178 183 205 6 116 103 105
Y2015M05D06h09m23s16_1.jpeg 2 65 13 16 25 34 69 69 78
Y2015M05D06h09m23s16_2.jpeg 2 78 18 22 33 21 72 73 80
Y2015M05D06h09m23s16_3.jpeg 3 80 21 27 36 14 60 62 72 4 101 102 112
Y2015M05D06h09m23s16_4.jpeg 3 18 3 3 6 23 74 74 80 58 27 33 46
Y2015M05D07h04m11s44_1.jpeg 4 22 12 5 7 7 139 130 131 43 60 50 57 26 205 197 197
Y2015M05D07h05m39s29_1.jpeg 4 18 7 12 34 24 145 153 174 48 49 55 79 9 197 205 227
Y2015M05D07h05m39s29_10.jpeg 4 36 3 6 13 9 111 119 135 32 37 45 63 21 173 184 202
Y2015M05D07h05m39s29_2.jpeg 4 13 3 10 29 6 89 97 123 66 38 47 67 14 151 159 182
Y2015M05D07h05m39s29_3.jpeg 4 12 5 11 32 16 154 162 186 59 42 50 72 11 94 98 125
Y2015M05D07h05m39s29_4.jpeg 3 9 5 7 27 12 144 148 167 78 41 49 73
Y2015M05D07h05m39s29_5.jpeg 4 19 4 8 23 18 116 122 142 40 38 46 65 21 178 187 206
Y2015M05D07h05m39s29_6.jpeg 4 34 4 6 16 9 116 123 143 32 40 47 69 22 175 186 204
Y2015M05D07h05m39s29_7.jpeg 4 24 4 7 21 14 115 122 141 43 41 48 71 17 177 188 210
Y2015M05D07h05m39s29_8.jpeg 4 30 3 6 18 24 178 187 208 6 89 98 120 38 38 46 66
Y2015M05D07h05m39s29_9.jpeg 4 16 3 10 31 8 105 116 136 60 36 43 63 14 178 192 214
Y2015M05D07h10m50s24_1.jpeg 6 38 5 4 8 38 50 55 67 9 70 81 109 1 183 175 178 4 101 92 96 7 120 136 167
Y2015M05D07h10m50s24_10.jpeg 4 20 7 5 8 72 42 46 61 2 179 155 159 5 79 61 66
Y2015M05D07h10m50s24_2.jpeg 6 28 6 5 7 19 57 55 65 19 212 205 208 17 90 90 111 11 141 138 139 4 128 135 168
Y2015M05D07h10m50s24_3.jpeg 6 16 7 5 9 9 29 38 65 16 115 112 123 2 210 190 200 30 87 97 126 23 65 63 76
Y2015M05D07h10m50s24_4.jpeg 5 30 8 5 5 7 106 116 143 33 60 58 66 14 198 192 190 13 123 120 122
Y2015M05D07h10m50s24_5.jpeg 4 46 5 5 6 38 54 56 61 5 157 159 158 9 99 101 103
Y2015M05D07h10m50s24_6.jpeg 3 54 9 10 13 41 71 71 75 3 164 164 163
Y2015M05D07h10m50s24_7.jpeg 2 92 0 0 1 7 38 40 48
Y2015M05D07h10m50s24_8.jpeg 2 98 0 0 1 1 36 35 38
Y2015M05D07h10m50s24_9.jpeg 5 42 2 2 4 36 41 49 60 12 60 78 100 5 102 120 145 3 133 132 133
Y2015M05D08h06m00s16_1.jpeg 5 17 3 12 38 7 101 120 145 16 46 56 89 54 178 196 221 3 27 51 63
Y2015M05D08h06m00s16_10.jpeg 4 14 3 9 32 24 174 190 213 49 33 46 72 11 88 103 127
Y2015M05D08h06m00s16_2.jpeg 6 13 6 18 46 43 183 197 222 14 45 59 90 9 114 129 158 15 2 5 14 2 55 86 86
Y2015M05D08h06m00s16_3.jpeg 5 20 3 11 30 42 182 197 221 20 43 56 81 12 107 121 145 4 54 93 81
Y2015M05D08h06m00s16_4.jpeg 5 21 5 13 36 45 178 195 220 22 43 54 79 7 98 114 141 2 70 100 100
Y2015M05D08h06m00s16_5.jpeg 4 20 4 10 35 13 151 164 191 51 35 47 70 15 73 86 111
Y2015M05D08h06m00s16_6.jpeg 5 15 4 11 37 46 178 194 219 24 41 50 79 9 107 118 149 3 39 68 64
Y2015M05D08h06m00s16_7.jpeg 5 25 4 10 29 6 119 132 156 22 41 50 75 4 46 76 71 40 183 198 220
Y2015M05D08h06m00s16_8.jpeg 4 8 3 9 36 14 155 171 193 65 38 49 76 11 82 100 126
Y2015M05D08h06m00s16_9.jpeg 4 19 3 10 31 12 118 131 156 34 40 52 81 33 181 197 219
Y2015M05D11h04m24s03_1.jpeg 4 9 4 6 20 22 160 164 186 17 25 30 61 50 61 69 99
Y2015M05D11h04m24s03_10.jpeg 3 5 10 13 37 23 148 154 175 71 61 70 96
Y2015M05D11h04m24s03_2.jpeg 4 22 5 8 19 36 183 190 213 35 57 64 95 5 125 132 158
Y2015M05D11h04m24s03_3.jpeg 4 11 2 6 25 29 171 179 206 18 34 42 72 40 73 81 116
Y2015M05D11h04m24s03_4.jpeg 3 13 5 10 41 19 155 160 188 67 55 63 94
Y2015M05D11h04m24s03_5.jpeg 3 15 5 9 32 32 165 171 199 52 49 58 86
Y2015M05D11h04m24s03_6.jpeg 4 13 9 15 40 8 129 137 160 62 51 61 88 15 178 186 209
Y2015M05D11h04m24s03_7.jpeg 3 17 9 15 37 32 163 171 192 50 62 70 97
Y2015M05D11h04m24s03_8.jpeg 4 7 7 11 32 12 129 136 154 14 42 49 76 65 72 84 112
Y2015M05D11h04m24s03_9.jpeg 3 9 13 17 42 20 154 159 183 69 65 76 102
Y2015M05D11h04m51s39_1.jpeg 2 81 134 145 178 18 87 96 125
Y2015M05D11h04m51s39_2.jpeg 6 8 5 7 16 8 86 102 142 6 86 95 113 42 129 145 180 27 139 145 161 6 177 187 207
Y2015M05D11h04m51s39_3.jpeg 5 17 5 5 11 20 90 98 124 34 139 142 159 22 133 150 191 4 183 192 228
Y2015M05D11h04m51s39_4.jpeg 4 21 3 3 6 3 66 79 110 68 124 135 164 5 178 183 207
Y2015M05D11h04m51s39_5.jpeg 4 19 4 4 9 6 69 84 119 68 123 133 160 5 178 182 206
Y2015M05D11h04m51s39_6.jpeg 4 5 2 3 8 27 97 110 141 21 148 155 174 45 139 159 204
Y2015M05D11h04m51s39_7.jpeg 4 2 24 31 55 77 125 140 175 13 82 97 132 6 174 184 214
Y2015M05D11h04m51s39_8.jpeg 3 3 6 6 16 68 102 117 150 28 149 158 182
Y2015M05D11h05m59s49_1.jpeg 5 11 2 5 17 9 126 146 177 11 8 22 54 34 177 193 222 33 55 71 109
Y2015M05D11h05m59s49_10.jpeg 5 10 2 6 15 5 125 143 174 12 10 27 57 51 49 67 99 19 174 192 217
Y2015M05D11h05m59s49_2.jpeg 5 15 3 4 9 8 131 148 184 11 11 25 60 32 178 195 225 31 52 69 104
Y2015M05D11h05m59s49_3.jpeg 4 16 3 9 27 4 126 143 175 49 44 62 93 29 179 195 219
Y2015M05D11h05m59s49_4.jpeg 3 12 3 11 36 17 145 164 194 69 54 73 108
Y2015M05D11h05m59s49_5.jpeg 5 10 3 8 23 8 127 144 176 12 16 35 65 56 53 73 104 11 174 191 218
Y2015M05D11h05m59s49_6.jpeg 4 19 3 5 12 35 172 190 216 12 12 27 54 32 55 74 107
Y2015M05D11h05m59s49_7.jpeg 4 18 8 22 50 6 134 156 188 72 51 72 104 2 169 180 192
Y2015M05D11h05m59s49_8.jpeg 4 26 4 8 22 5 130 144 171 48 48 66 97 19 182 196 221
Y2015M05D11h05m59s49_9.jpeg 4 21 4 10 30 5 124 141 167 44 49 68 97 28 178 196 220
Y2015M05D11h12m15s40_1.jpeg 5 10 7 5 8 29 221 215 215 9 45 47 59 24 90 93 111 26 140 146 170
Y2015M05D11h12m15s40_10.jpeg 6 9 9 6 9 26 232 227 228 22 90 101 125 16 136 153 183 15 71 70 80 9 153 149 159
Y2015M05D11h12m15s40_2.jpeg 6 5 17 15 25 27 225 216 220 21 96 100 124 21 144 149 176 13 78 72 79 11 155 145 150
Y2015M05D11h12m15s40_3.jpeg 6 12 7 5 5 30 224 219 219 14 76 76 86 31 139 148 173 8 135 128 131 2 135 92 120
Y2015M05D11h12m15s40_4.jpeg 5 11 7 3 4 9 151 142 146 16 74 71 82 34 120 130 153 27 225 222 223
Y2015M05D11h12m15s40_5.jpeg 5 7 8 6 10 26 225 218 217 15 66 71 88 18 154 171 200 31 114 124 144
Y2015M05D11h12m15s40_6.jpeg 6 6 10 7 9 7 184 180 191 37 135 149 176 18 74 73 87 7 119 111 115 22 235 227 228
Y2015M05D11h12m15s40_7.jpeg 6 23 5 4 4 8 54 58 71 22 228 220 221 22 102 107 125 6 149 138 141 16 148 160 186
Y2015M05D11h12m15s40_8.jpeg 6 6 12 9 13 25 231 228 228 26 98 101 121 16 144 158 184 14 62 60 73 10 178 174 181
Y2015M05D11h12m15s40_9.jpeg 6 9 9 6 5 29 233 229 231 11 68 66 80 14 151 167 197 27 110 115 138 6 176 176 188
Y2015M05D11h12m21s33_1.jpeg 7 7 14 13 16 9 188 182 191 14 138 145 173 17 117 112 119 8 63 71 96 28 241 236 239 15 76 70 76
Y2015M05D11h12m21s33_10.jpeg 5 4 13 14 25 16 237 230 231 31 123 137 162 40 82 80 91 7 146 141 146
Y2015M05D11h12m21s33_2.jpeg 5 18 4 5 5 10 41 49 50 30 135 152 173 39 92 93 95 1 233 233 227
Y2015M05D11h12m21s33_3.jpeg 6 9 6 5 6 31 239 233 233 9 54 53 67 15 131 136 162 22 95 92 96 10 165 161 163
Y2015M05D11h12m21s33_4.jpeg 5 7 15 15 24 19 237 231 232 43 82 83 97 22 130 147 172 8 141 133 134
Y2015M05D11h12m21s33_5.jpeg 5 17 6 4 5 22 238 231 233 34 81 81 93 18 129 141 163 6 159 152 156
Y2015M05D11h12m21s33_6.jpeg 6 14 6 4 5 19 235 229 230 25 70 68 82 27 112 119 140 6 149 143 149 6 188 194 217
Y2015M05D11h12m21s33_7.jpeg 6 9 8 5 5 29 236 232 233 12 64 63 74 13 145 156 180 26 108 107 120 8 185 181 188
Y2015M05D11h12m21s33_8.jpeg 6 25 5 3 4 7 55 51 60 26 237 231 231 14 129 137 158 20 97 95 104 5 162 157 160
Y2015M05D11h12m21s33_9.jpeg 5 5 19 17 27 16 230 225 227 21 120 132 154 42 83 82 90 14 140 140 146
Y2015M05D12h05m50s23_1.jpeg 4 25 6 3 7 28 192 186 192 40 43 38 48 5 91 85 93
Y2015M05D12h05m50s23_10.jpeg 5 29 6 4 7 18 204 200 205 30 41 37 45 12 79 79 87 9 138 134 141
Y2015M05D12h05m50s23_2.jpeg 5 28 6 3 7 8 142 134 146 27 42 35 45 27 205 198 207 7 80 70 81
Y2015M05D12h05m50s23_3.jpeg 5 17 10 4 12 7 144 137 145 29 45 38 50 36 205 198 206 9 87 80 90
Y2015M05D12h05m50s23_4.jpeg 5 28 7 4 8 9 155 151 156 32 205 201 207 4 94 87 94 25 47 39 50
Y2015M05D12h05m50s23_5.jpeg 5 20 9 3 11 9 126 120 128 32 40 33 46 27 200 193 199 10 75 68 76
Y2015M05D12h05m50s23_6.jpeg 4 20 10 4 10 28 190 181 189 40 47 39 51 10 102 94 103
Y2015M05D12h05m50s23_7.jpeg 4 19 9 5 11 28 187 181 188 42 46 40 51 8 100 94 102
Y2015M05D12h05m50s23_8.jpeg 4 30 9 5 10 8 146 140 147 36 52 45 56 24 201 194 201
Y2015M05D12h05m50s23_9.jpeg 3 9 14 7 16 10 177 169 179 79 47 42 53
Y2015M05D12h09m27s05_1.jpeg 3 13 5 7 14 30 110 112 122 55 39 45 58
Y2015M05D12h09m27s05_10.jpeg 4 16 4 6 13 12 75 76 84 54 35 39 49 16 136 136 145
Y2015M05D12h09m27s05_2.jpeg 4 8 13 15 29 5 90 89 97 82 40 48 63 3 148 147 156
Y2015M05D12h09m27s05_3.jpeg 3 10 6 8 15 17 113 113 126 71 40 48 62
Y2015M05D12h09m27s05_4.jpeg 3 19 4 5 11 22 122 123 133 57 42 45 58
Y2015M05D12h09m27s05_5.jpeg 3 23 5 7 12 28 120 121 131 47 42 49 62
Y2015M05D12h09m27s05_6.jpeg 4 7 8 8 18 14 135 133 144 66 37 43 57 10 84 82 92
Y2015M05D12h09m27s05_7.jpeg 4 3 21 20 30 2 148 149 159 91 45 54 70 2 82 82 92
Y2015M05D12h09m27s05_8.jpeg 3 11 6 6 15 22 129 129 140 66 42 48 61
Y2015M05D12h09m27s05_9.jpeg 4 16 5 8 17 12 85 87 97 53 37 43 55 17 141 141 151
Y2015M05D13h03m55s12_1.jpeg 4 26 5 3 3 32 139 114 112 21 68 57 53 19 170 159 157
Y2015M05D13h04m11s09_1.jpeg 5 36 6 5 6 6 157 152 154 13 106 103 114 21 212 206 207 21 63 56 65
Y2015M05D13h04m11s09_10.jpeg 5 16 5 4 4 23 209 199 199 13 39 37 46 34 71 72 84 12 110 111 126
Y2015M05D13h04m11s09_2.jpeg 4 11 16 10 19 23 212 201 205 42 64 60 74 22 112 110 118
Y2015M05D13h04m11s09_3.jpeg 4 27 9 6 7 34 216 208 210 29 65 61 71 8 126 119 127
Y2015M05D13h04m11s09_4.jpeg 5 34 3 2 3 5 151 140 145 9 34 28 37 23 76 71 84 26 218 208 210
Y2015M05D13h04m11s09_5.jpeg 5 12 17 11 15 7 172 160 161 47 55 53 63 16 90 92 100 16 224 212 213
Y2015M05D13h04m11s09_6.jpeg 4 25 9 6 7 30 215 205 206 35 67 63 73 8 124 117 121
Y2015M05D13h04m11s09_7.jpeg 4 30 9 6 7 28 209 201 200 32 68 65 73 8 115 111 117
Y2015M05D13h04m11s09_8.jpeg 4 35 7 5 6 24 209 201 202 35 68 67 76 4 122 116 122
Y2015M05D13h04m11s09_9.jpeg 4 26 5 3 3 29 207 199 197 9 36 33 41 33 76 74 85
Y2015M05D13h05m01s20_1.jpeg 4 21 12 6 12 8 141 129 136 46 61 54 65 24 207 198 203
Y2015M05D13h05m01s20_2.jpeg 4 17 14 6 14 9 142 134 142 57 62 53 66 15 202 194 201
Y2015M05D13h05m01s20_3.jpeg 4 10 15 7 13 8 140 133 141 69 59 50 63 10 206 196 199
Y2015M05D13h05m01s20_4.jpeg 4 14 13 8 13 14 192 185 190 64 63 54 68 6 106 101 107
Y2015M05D13h05m01s20_5.jpeg 4 38 5 3 5 42 60 52 65 5 151 145 152 13 200 195 196
Y2015M05D13h05m01s20_6.jpeg 4 44 3 2 2 3 121 117 122 34 57 50 63 17 187 183 183
Y2015M05D13h05m01s20_7.jpeg 5 23 8 5 8 5 152 147 150 48 55 46 59 5 96 89 93 17 196 194 193
Y2015M05D13h05m22s23_1.jpeg 5 7 5 4 8 19 197 195 206 37 90 95 120 24 143 150 172 10 45 45 64
Y2015M05D13h05m22s23_10.jpeg 4 12 3 3 4 9 54 60 81 38 184 187 204 40 119 132 159
Y2015M05D13h05m22s23_2.jpeg 4 5 16 14 29 31 190 190 203 22 77 81 104 40 127 137 164
Y2015M05D13h05m22s23_3.jpeg 5 11 8 6 11 10 57 59 79 32 188 190 204 25 142 156 185 20 101 108 132
Y2015M05D13h05m22s23_4.jpeg 5 15 5 5 8 22 147 158 183 13 57 58 75 27 194 193 205 21 99 104 124
Y2015M05D13h05m22s23_5.jpeg 5 13 7 6 11 22 137 143 167 14 50 51 74 27 192 189 202 21 89 93 121
Y2015M05D13h05m22s23_6.jpeg 4 10 41 47 67 22 144 160 188 42 96 103 130 24 193 192 205
Y2015M05D13h05m22s23_7.jpeg 5 15 5 4 7 23 141 149 177 14 55 58 79 24 196 196 211 22 90 99 123
Y2015M05D13h05m22s23_8.jpeg 5 13 5 4 6 27 127 135 159 9 48 47 65 22 187 186 195 26 76 84 110
Y2015M05D13h05m22s23_9.jpeg 4 10 5 5 6 37 144 156 182 29 83 93 118 23 191 191 198
Y2015M05D13h06m36s48_1.jpeg 5 8 6 5 12 30 184 181 193 13 43 43 65 29 86 88 113 16 132 132 153
Y2015M05D13h06m36s48_2.jpeg 4 18 8 8 13 34 183 180 190 23 60 59 82 23 113 114 138
Y2015M05D13h06m36s48_3.jpeg 4 7 18 19 39 35 103 113 141 50 68 67 89 6 148 146 171
Y2015M05D14h10m22s25_1.jpeg 3 63 20 23 34 9 142 146 165 26 57 59 67
Y2015M05D14h10m22s25_2.jpeg 1 99 25 27 36
Y2015M05D14h10m22s25_3.jpeg 2 43 2 3 4 56 34 37 44
Y2015M05D14h10m22s25_4.jpeg 4 26 3 4 6 60 28 34 43 10 66 73 85 1 133 138 156
Y2015M05D14h10m22s25_5.jpeg 5 10 5 6 10 8 83 83 84 67 27 34 42 6 190 195 189 6 141 143 142
Y2015M05D14h10m22s25_6.jpeg 5 61 14 19 28 15 80 84 105 7 123 128 160 11 46 53 52 3 105 115 113
Y2015M05D14h10m22s25_7.jpeg 3 72 13 15 26 21 62 63 72 6 112 120 151
Y2015M05D14h10m22s25_8.jpeg 5 22 2 3 6 27 58 64 79 3 146 159 179 43 22 26 40 3 208 223 241
Y2015M05D14h10m22s25_9.jpeg 2 98 33 37 48 1 176 195 206
Y2015M05D14h12m39s01_1.jpeg 4 8 29 17 17 21 234 223 224 55 75 63 64 13 137 121 125
Y2015M05D14h12m39s01_10.jpeg 4 15 14 6 5 29 244 234 231 45 81 67 69 9 159 143 141
Y2015M05D14h12m39s01_2.jpeg 4 9 39 23 30 9 156 144 150 52 78 65 69 27 239 228 230
Y2015M05D14h12m39s01_3.jpeg 4 11 19 7 9 27 243 232 231 49 80 65 70 11 156 140 142
Y2015M05D14h12m39s01_4.jpeg 4 9 24 11 12 27 239 229 229 50 80 66 70 12 150 136 138
Y2015M05D14h12m39s01_5.jpeg 5 18 11 5 4 8 198 183 185 42 78 63 65 11 128 113 117 19 248 237 235
Y2015M05D14h12m39s01_6.jpeg 5 12 18 7 6 7 192 178 177 40 83 67 70 12 123 107 107 28 248 238 235
Y2015M05D14h12m39s01_7.jpeg 4 5 21 11 8 8 173 159 160 65 86 72 74 20 245 234 233
Y2015M05D14h12m39s01_8.jpeg 4 13 14 7 5 21 241 231 228 52 84 71 73 12 145 131 132
Y2015M05D14h12m39s01_9.jpeg 4 14 11 6 4 8 172 160 156 55 89 76 75 22 245 237 232
Y2015M05D14h14m55s10_1.jpeg 4 16 12 8 14 31 215 206 209 42 64 60 74 8 132 125 133
Y2015M05D14h14m55s10_2.jpeg 5 11 22 15 27 16 231 215 221 60 67 69 87 6 129 118 130 4 179 172 185
Y2015M05D14h15m51s53_1.jpeg 4 19 13 5 9 11 198 192 196 65 51 42 50 3 129 119 125
Y2015M05D14h15m51s53_10.jpeg 4 20 7 5 6 2 132 129 128 58 41 37 47 18 187 184 180
Y2015M05D14h15m51s53_2.jpeg 3 22 12 5 8 24 190 181 181 53 56 48 58
Y2015M05D14h15m51s53_3.jpeg 4 16 9 4 9 7 127 119 125 56 41 36 44 20 197 190 190
Y2015M05D14h15m51s53_4.jpeg 4 17 8 4 6 24 195 188 188 55 41 35 44 2 108 102 104
Y2015M05D14h15m51s53_5.jpeg 5 26 5 3 4 3 142 132 132 47 48 44 54 4 89 77 76 17 194 188 186
Y2015M05D14h15m51s53_6.jpeg 3 18 10 4 6 20 190 184 184 61 53 49 56
Y2015M05D14h15m51s53_7.jpeg 3 14 10 6 8 80 56 54 61 4 178 174 175
Y2015M05D14h15m51s53_8.jpeg 4 23 6 4 5 3 136 134 137 55 43 39 48 17 188 185 183
Y2015M05D14h15m51s53_9.jpeg 4 28 4 3 5 3 120 120 124 46 43 40 48 21 184 182 187
Y2015M05D14h16m55s39_1.jpeg 4 12 10 4 7 36 212 202 206 11 66 54 59 40 122 109 119
Y2015M05D14h16m55s39_10.jpeg 4 15 16 8 11 28 200 191 193 30 75 66 71 26 110 107 114
Y2015M05D14h16m55s39_2.jpeg 4 10 17 8 12 40 212 201 205 18 73 61 65 30 124 115 123
Y2015M05D14h16m55s39_3.jpeg 5 8 27 15 21 20 215 205 210 39 109 100 107 21 66 56 63 10 158 148 154
Y2015M05D14h16m55s39_4.jpeg 5 16 6 3 3 14 57 47 52 22 215 208 210 33 100 92 101 14 144 135 144
Y2015M05D14h16m55s39_5.jpeg 5 8 10 3 6 11 167 156 161 41 98 89 100 28 220 210 212 11 48 36 41
Y2015M05D14h16m55s39_6.jpeg 5 28 4 3 3 9 49 39 44 23 211 203 205 27 100 94 102 11 140 124 125
Y2015M05D14h16m55s39_7.jpeg 4 13 10 6 8 30 205 196 201 14 59 47 55 41 112 101 109
Y2015M05D14h16m55s39_8.jpeg 4 17 7 4 5 28 206 198 202 13 54 45 50 40 109 104 113
Y2015M05D14h16m55s39_9.jpeg 4 19 6 3 4 12 55 45 49 27 204 197 199 40 112 103 110
Y2015M05D15h12m02s15_1.jpeg 5 23 4 3 4 27 245 239 242 9 61 56 67 28 112 107 122 10 189 180 189
Y2015M05D15h12m02s15_2.jpeg 5 9 11 9 14 28 241 234 240 29 75 74 90 16 167 166 179 15 115 125 155
Y2015M05D15h12m02s15_3.jpeg 5 10 8 9 10 26 239 234 234 21 93 103 134 31 86 82 94 9 151 141 148
Y2015M05D15h12m02s15_4.jpeg 6 47 3 2 3 15 97 106 133 5 152 151 160 14 65 63 73 12 235 232 232 5 204 209 227
Y2015M05D15h12m02s15_5.jpeg 5 56 2 2 3 21 64 78 107 2 158 155 156 14 56 55 65 4 224 222 218
Y2015M05D15h12m02s15_6.jpeg 6 31 5 5 7 16 88 103 144 5 121 123 131 30 59 65 89 9 205 205 203 6 173 175 199
Y2015M05D15h12m02s15_7.jpeg 6 43 2 2 3 15 81 93 132 6 161 157 166 15 72 80 100 13 66 61 65 5 221 219 218
Y2015M05D15h12m02s15_8.jpeg 5 39 4 4 4 19 84 99 134 8 153 153 158 22 69 66 77 9 221 217 214
Y2015M05D15h17m26s23_1.jpeg 6 11 10 25 55 9 56 93 136 44 117 156 201 18 151 172 199 7 4 6 16 8 79 101 130
Y2015M05D15h17m26s23_2.jpeg 4 10 3 9 25 10 45 75 119 61 112 149 195 17 140 162 189
Y2015M05D15h17m26s23_3.jpeg 6 25 19 35 65 6 54 82 127 12 161 185 216 8 2 4 11 35 133 171 225 11 96 124 165
Y2015M05D15h17m26s23_4.jpeg 5 20 16 30 57 8 61 89 128 40 124 160 204 20 2 3 9 10 152 171 195
Y2015M05D15h17m26s23_5.jpeg 5 20 23 35 67 27 87 114 152 19 136 172 214 17 3 6 14 14 142 162 185
Y2015M05D15h18m13s54_1.jpeg 4 31 6 7 17 8 118 126 146 28 58 51 78 32 173 186 201
Y2015M05D15h18m13s54_10.jpeg 5 28 5 5 13 16 163 180 200 8 53 62 105 38 63 44 68 8 100 111 147
Y2015M05D15h18m13s54_2.jpeg 4 11 13 12 35 13 145 154 177 17 91 93 123 56 59 48 73
Y2015M05D15h18m13s54_3.jpeg 4 17 4 6 21 12 109 116 135 40 60 53 78 29 156 167 186
Y2015M05D15h18m13s54_4.jpeg 4 17 5 6 16 23 150 160 177 49 56 49 72 8 88 92 113
Y2015M05D15h18m13s54_5.jpeg 4 19 7 6 23 11 111 115 138 46 56 46 70 22 160 170 188
Y2015M05D15h18m13s54_6.jpeg 4 15 6 7 24 17 160 169 190 58 60 49 72 8 94 99 121
Y2015M05D15h18m13s54_7.jpeg 4 33 5 6 16 10 103 109 128 22 154 165 182 32 56 47 71
Y2015M05D15h18m13s54_8.jpeg 4 21 4 5 17 9 107 114 137 43 59 46 71 24 158 172 190
Y2015M05D15h18m13s54_9.jpeg 4 22 4 4 12 7 107 114 145 51 60 40 66 17 161 178 196
Y2015M05D18h12m49s45_1.jpeg 4 4 6 6 4 33 197 190 191 13 122 113 110 48 246 246 246
Y2015M05D18h12m49s45_2.jpeg 4 17 72 63 71 16 193 187 194 18 122 111 111 47 240 242 246
Y2015M05D18h13m35s33_1.jpeg 4 12 11 6 6 11 146 137 138 62 59 50 52 13 245 243 241
Y2015M05D18h13m35s33_10.jpeg 3 84 16 13 16 8 148 143 144 7 78 74 75
Y2015M05D18h13m35s33_2.jpeg 5 18 11 7 7 11 162 156 156 55 49 42 45 8 248 246 242 6 92 85 83
Y2015M05D18h13m35s33_3.jpeg 5 28 5 3 2 13 155 150 148 38 44 36 39 6 245 243 238 13 83 75 73
Y2015M05D18h13m35s33_4.jpeg 4 17 8 5 5 15 147 141 139 55 43 39 41 12 85 79 78
Y2015M05D18h13m35s33_5.jpeg 5 20 8 5 6 10 102 96 98 49 47 42 45 2 170 172 203 16 154 149 148
Y2015M05D18h13m35s33_6.jpeg 4 16 9 6 7 9 154 150 150 64 40 36 40 8 93 90 92
Y2015M05D18h13m35s33_7.jpeg 4 14 7 4 5 7 90 87 88 66 33 30 34 10 150 146 146
Y2015M05D18h13m35s33_8.jpeg 5 19 6 3 4 11 108 96 95 54 37 33 37 2 177 174 201 12 161 153 151
Y2015M05D18h13m35s33_9.jpeg 3 66 21 16 19 14 97 86 85 19 155 149 148
Y2015M05D18h17m03s42_1.jpeg 5 25 3 3 5 4 40 44 58 29 184 190 201 32 110 123 149 7 76 84 103
Y2015M05D18h17m03s42_2.jpeg 4 33 2 3 4 5 47 51 67 25 176 184 195 36 106 121 143
Y2015M05D18h17m03s42_3.jpeg 3 2 7 7 23 88 108 122 145 9 50 52 74
Y2015M05D18h18m07s12_1.jpeg 5 13 7 7 21 11 152 151 169 29 48 47 67 37 206 206 222 7 85 85 102
Y2015M05D18h18m07s12_10.jpeg 4 21 6 6 13 4 127 125 139 52 49 50 66 21 200 200 209
Y2015M05D18h18m07s12_2.jpeg 5 17 6 6 17 8 153 151 167 27 50 49 67 39 208 206 220 7 92 90 107
Y2015M05D18h18m07s12_3.jpeg 5 9 8 7 21 8 155 153 170 59 45 48 64 16 212 209 226 5 86 83 99
Y2015M05D18h18m07s12_4.jpeg 4 39 4 4 7 4 122 122 137 32 50 51 68 23 204 204 216
Y2015M05D18h18m07s12_5.jpeg 4 25 6 6 13 20 190 188 201 46 47 48 65 7 100 99 111
Y2015M05D18h18m07s12_6.jpeg 4 21 6 7 17 5 130 131 147 49 44 45 63 22 204 202 217
Y2015M05D18h18m07s12_7.jpeg 5 20 8 8 19 10 152 151 163 33 205 205 216 5 99 97 112 29 47 48 66
Y2015M05D18h18m07s12_8.jpeg 4 22 7 6 16 7 139 138 151 49 49 51 67 20 204 203 213
Y2015M05D18h18m07s12_9.jpeg 4 17 7 6 16 7 146 146 161 52 51 53 71 22 201 201 212
Y2015M05D18h18m08s08_1.jpeg 4 8 4 8 18 43 202 206 221 13 46 52 79 34 89 95 125
Y2015M05D18h18m08s08_10.jpeg 4 15 3 4 5 17 178 185 197 14 40 49 73 52 70 85 113
Y2015M05D18h18m08s08_2.jpeg 5 9 16 19 37 10 206 205 225 52 59 68 94 16 95 110 142 9 133 133 140
Y2015M05D18h18m08s08_3.jpeg 5 10 4 6 20 8 148 151 173 13 43 49 74 31 81 90 120 36 206 209 222
Y2015M05D18h18m08s08_4.jpeg 5 15 4 5 11 35 203 203 216 13 42 45 70 25 84 92 127 9 112 112 127
Y2015M05D18h18m08s08_5.jpeg 6 12 9 11 26 17 205 205 218 40 57 64 86 6 109 106 116 8 156 158 175 14 87 99 131
Y2015M05D18h18m08s08_6.jpeg 5 20 6 7 12 7 146 150 168 11 43 51 75 30 79 91 119 30 202 203 214
Y2015M05D18h18m08s08_7.jpeg 4 10 8 9 21 25 196 199 209 54 62 73 98 10 127 127 137
Y2015M05D18h18m08s08_8.jpeg 4 20 3 4 6 17 183 190 198 53 56 70 95 8 104 104 112
Y2015M05D18h18m08s08_9.jpeg 5 20 2 3 5 15 186 193 202 53 61 76 104 4 111 117 125 6 49 55 65
Y2015M05D18h19m32s06_1.jpeg 4 1 1 8 20 49 174 200 228 30 108 139 182 18 45 73 115
Y2015M05D18h19m32s06_10.jpeg 4 6 13 40 78 38 123 159 205 36 65 94 138 18 155 176 206
Y2015M05D18h19m32s06_2.jpeg 5 2 1 3 17 31 183 205 233 30 94 127 171 18 50 78 118 16 141 175 222
Y2015M05D18h19m32s06_3.jpeg 5 9 3 6 14 16 142 179 227 18 60 85 126 35 175 196 223 20 96 129 174
Y2015M05D18h19m32s06_4.jpeg 5 12 32 64 104 29 131 166 210 25 82 115 155 28 160 186 213 3 1 7 16
Y2015M05D18h19m32s06_5.jpeg 4 1 2 12 19 36 166 192 222 34 113 146 193 27 59 88 132
Y2015M05D18h19m32s06_6.jpeg 5 5 3 8 17 17 145 178 222 9 44 77 113 43 164 188 214 24 93 126 166
Y2015M05D18h19m32s06_7.jpeg 5 10 3 6 10 24 126 160 204 8 31 59 96 40 169 194 220 16 74 104 146
Y2015M05D18h19m32s06_8.jpeg 5 8 3 6 12 39 167 191 218 7 34 62 108 26 78 107 151 17 121 156 206
Y2015M05D18h19m32s06_9.jpeg 5 1 2 7 24 19 139 180 230 29 94 129 173 32 169 193 222 16 46 78 118
Y2015M05D19h11m49s02_1.jpeg 5 7 7 6 6 38 233 228 227 15 67 66 73 15 159 171 191 22 128 129 141
Y2015M05D19h11m49s02_2.jpeg 5 7 11 9 9 40 235 230 226 7 147 161 190 21 142 141 146 23 79 75 75
Y2015M05D19h11m49s02_3.jpeg 6 9 10 8 6 41 237 232 229 20 80 73 71 10 149 155 176 10 165 154 154 6 111 113 122
Y2015M05D19h11m49s02_4.jpeg 5 26 5 5 5 14 74 71 76 29 238 233 232 19 130 136 152 10 177 168 171
Y2015M05D19h11m49s02_5.jpeg 7 10 5 5 6 30 241 236 234 16 69 70 77 15 106 116 135 7 141 138 142 10 152 163 186 8 195 189 195
Y2015M05D19h11m49s02_6.jpeg 6 26 4 3 3 4 45 53 71 28 236 231 229 22 117 130 150 9 171 160 163 9 84 79 81
Y2015M05D19h11m49s02_7.jpeg 5 13 8 5 4 20 80 76 79 36 235 233 229 12 154 145 148 17 138 151 172
Y2015M05D19h12m37s21_1.jpeg 6 15 5 4 4 5 61 62 74 40 236 233 236 13 109 115 130 16 166 166 175 7 143 156 182
Y2015M05D19h12m37s21_10.jpeg 6 19 5 4 4 15 125 143 172 22 244 241 241 7 61 61 70 11 178 174 182 23 115 112 119
Y2015M05D19h12m37s21_2.jpeg 5 5 60 74 98 23 242 244 244 36 127 140 163 24 99 95 102 10 176 175 183
Y2015M05D19h12m37s21_3.jpeg 5 4 8 9 11 28 234 229 232 11 141 158 182 39 90 93 105 15 147 144 156
Y2015M05D19h12m37s21_4.jpeg 5 9 4 4 4 27 245 241 242 35 94 94 101 18 139 147 159 10 190 181 184
Y2015M05D19h12m37s21_5.jpeg 5 6 7 6 8 40 244 242 241 13 90 91 100 14 185 182 188 25 138 146 167
Y2015M05D19h12m37s21_6.jpeg 7 5 9 12 18 25 242 240 240 11 134 156 187 7 71 86 111 19 117 125 142 20 83 83 90 10 168 165 170
Y2015M05D19h12m37s21_7.jpeg 7 8 8 6 6 34 238 233 235 9 94 107 134 6 54 50 58 17 150 147 159 15 93 91 97 9 138 159 190
Y2015M05D19h12m37s21_8.jpeg 6 9 10 10 10 29 244 241 240 21 135 145 173 10 81 90 111 10 177 174 179 17 91 88 87
Y2015M05D19h12m37s21_9.jpeg 7 8 6 8 10 37 135 151 176 11 241 240 239 6 47 55 71 11 97 92 91 11 172 169 170 12 92 101 117
Y2015M05D20h05m52s42_1.jpeg 6 5 3 9 12 20 126 152 184 24 47 62 87 9 137 149 160 32 82 100 130 8 183 198 217
Y2015M05D20h05m52s42_2.jpeg 5 6 4 5 7 22 119 138 169 8 35 49 74 45 76 90 118 17 185 194 208
Y2015M05D20h05m52s42_3.jpeg 4 24 2 4 6 25 183 194 202 40 62 80 106 10 105 128 159
Y2015M05D21h17m20s06_1.jpeg 4 5 3 13 34 49 80 100 131 24 133 155 180 20 35 55 82
Y2015M05D21h17m20s06_10.jpeg 4 11 3 9 22 33 109 127 152 40 55 76 105 14 176 189 213
Y2015M05D21h17m20s06_2.jpeg 5 9 3 9 21 28 130 154 182 10 40 60 85 37 86 107 138 13 184 203 229
Y2015M05D21h17m20s06_3.jpeg 4 3 5 12 28 32 150 171 196 45 84 108 136 18 46 67 95
Y2015M05D21h17m20s06_4.jpeg 4 7 2 6 13 41 146 166 190 8 24 43 70 41 76 100 129
Y2015M05D21h17m20s06_5.jpeg 4 18 4 9 18 19 60 78 103 33 90 115 149 28 145 163 187
Y2015M05D21h17m20s06_6.jpeg 4 13 3 10 27 30 116 138 164 42 63 84 113 13 173 188 208
Y2015M05D21h17m20s06_7.jpeg 4 21 2 7 15 6 42 61 84 34 150 170 193 37 85 110 143
Y2015M05D21h17m20s06_8.jpeg 3 40 3 5 9 37 78 98 127 21 152 168 190
Y2015M05D21h17m20s06_9.jpeg 4 13 3 7 15 50 64 83 111 27 113 131 156 8 173 187 207
Y2015M05D21h17m21s26_1.jpeg 4 8 35 52 96 27 129 147 192 54 76 93 140 9 193 204 245
Y2015M05D21h17m21s26_10.jpeg 5 23 3 6 17 11 37 52 91 18 119 139 182 30 75 92 134 15 162 173 200
Y2015M05D21h17m21s26_2.jpeg 4 7 2 4 23 44 147 163 204 11 28 46 85 36 79 99 144
Y2015M05D21h17m21s26_3.jpeg 3 9 17 33 74 24 134 155 196 65 79 98 140
Y2015M05D21h17m21s26_4.jpeg 5 7 1 3 16 23 178 196 232 9 26 42 86 26 110 129 172 33 67 86 129
Y2015M05D21h17m21s26_5.jpeg 5 4 1 5 26 37 126 150 189 7 29 49 89 40 75 97 142 10 170 191 226
Y2015M05D21h17m21s26_6.jpeg 5 8 2 5 19 29 116 137 177 7 26 43 78 46 68 88 130 8 151 161 189
Y2015M05D21h17m21s26_7.jpeg 5 18 3 6 22 7 35 49 89 26 173 187 223 23 114 137 178 24 72 89 136
Y2015M05D21h17m21s26_8.jpeg 4 14 3 7 19 34 141 156 188 10 29 43 79 40 72 90 127
Y2015M05D21h17m21s26_9.jpeg 5 34 3 4 12 11 42 60 97 11 124 140 171 26 90 112 159 16 174 191 222
Y2015M05D21h17m52s59_1.jpeg 4 1 16 39 71 32 175 201 231 56 143 176 227 9 93 123 164
Y2015M05D21h17m52s59_2.jpeg 3 1 1 8 25 94 148 179 223 4 85 107 135
Y2015M05D21h17m52s59_3.jpeg 4 16 3 6 14 53 151 184 235 3 92 110 138 25 169 192 221
Y2015M05D21h17m52s59_4.jpeg 3 17 3 4 8 65 148 181 227 16 173 195 219
Y2015M05D21h17m52s59_5.jpeg 3 3 3 8 17 8 92 117 154 87 153 183 227
Y2015M05D21h17m52s59_6.jpeg 4 14 2 4 9 4 89 112 148 31 173 196 225 49 144 175 222
Y2015M05D21h17m52s59_7.jpeg 4 16 2 3 7 7 87 115 153 36 164 191 224 39 139 173 225
Y2015M05D22h11m53s45_1.jpeg 5 10 21 17 22 9 162 154 162 12 77 72 99 37 91 86 94 29 231 225 230
Y2015M05D22h11m53s45_10.jpeg 4 26 4 3 4 56 75 76 96 3 167 164 172 12 232 229 230
Y2015M05D22h11m53s45_2.jpeg 5 18 6 4 5 27 229 224 227 25 57 53 64 21 95 98 125 6 119 117 124
Y2015M05D22h11m53s45_3.jpeg 5 23 7 5 5 7 151 145 155 34 61 55 65 9 97 94 114 24 231 224 227
Y2015M05D22h11m53s45_4.jpeg 5 7 15 12 20 18 224 217 224 13 95 98 129 11 145 138 150 49 72 66 80
Y2015M05D22h11m53s45_5.jpeg 7 22 4 3 4 14 230 221 223 27 74 71 88 4 230 148 111 9 146 133 140 19 102 104 133 3 117 71 68
Y2015M05D22h11m53s45_6.jpeg 5 25 6 5 6 34 108 107 135 6 179 172 182 18 75 68 79 15 233 229 231
Y2015M05D22h11m53s45_7.jpeg 5 6 20 17 30 20 228 223 228 26 98 99 127 11 155 150 162 35 72 69 81
Y2015M05D22h11m53s45_8.jpeg 5 11 6 5 6 20 226 222 225 27 67 63 71 11 136 130 138 29 99 102 130
Y2015M05D22h11m53s45_9.jpeg 5 24 4 3 4 5 166 161 169 29 93 96 123 25 72 68 78 15 233 229 231
Y2015M05D22h17m07s17_1.jpeg 4 26 7 19 44 64 61 78 111 5 127 144 174 3 161 175 188
Y2015M05D22h17m07s17_10.jpeg 4 11 4 10 25 15 157 177 198 63 41 57 83 9 94 108 133
Y2015M05D22h17m07s17_2.jpeg 5 11 1 1 5 8 118 130 159 9 8 18 49 50 46 63 94 20 172 188 216
Y2015M05D22h17m07s17_3.jpeg 4 19 12 30 63 29 159 176 206 45 61 79 113 5 1 9 30
Y2015M05D22h17m07s17_4.jpeg 4 18 15 30 63 30 155 173 203 48 56 73 109 3 2 6 21
Y2015M05D22h17m07s17_5.jpeg 3 18 6 19 45 17 139 154 179 63 56 74 105
Y2015M05D22h17m07s17_6.jpeg 4 9 2 5 14 26 150 166 190 9 15 29 58 54 53 71 102
Y2015M05D22h17m07s17_7.jpeg 5 13 8 20 47 6 110 123 143 38 54 70 101 23 162 178 202 18 3 5 11
Y2015M05D22h17m07s17_8.jpeg 5 12 6 19 46 9 118 132 155 50 50 65 95 18 163 182 208 7 1 3 9
Y2015M05D22h17m07s17_9.jpeg 4 3 3 13 32 8 113 127 150 79 47 67 99 9 162 180 209
Y2015M05D22h20m06s52_10.jpeg 6 17 9 27 59 67 43 65 103 3 93 114 147 5 2 9 26 3 163 184 221 2 118 134 149
Y2015M05D22h20m06s52_4.jpeg 5 12 5 22 59 26 164 187 220 44 43 63 103 7 107 127 165 8 1 5 16
Y2015M05D22h20m06s52_5.jpeg 5 11 3 5 13 8 116 138 171 13 10 30 67 32 167 192 223 33 48 72 112
Y2015M05D22h20m06s52_6.jpeg 5 10 3 5 11 10 118 140 172 14 6 20 53 35 173 197 228 29 45 65 104
Y2015M05D22h20m06s52_7.jpeg 5 16 5 24 57 65 46 67 105 7 103 120 148 4 4 4 10 5 156 172 199
Y2015M05D22h20m06s52_8.jpeg 4 8 2 5 14 40 155 179 210 12 10 31 66 38 52 76 116
Y2015M05D22h20m06s52_9.jpeg 5 12 10 26 56 6 121 139 168 62 40 61 92 14 176 198 227 4 1 5 20
Y2015M05D22h20m46s49_1.jpeg 5 2 4 5 22 35 180 190 228 46 125 144 193 7 60 57 95 8 106 103 134
Y2015M05D22h20m46s49_10.jpeg 5 18 2 3 6 41 111 136 183 25 166 174 205 7 24 29 50 6 84 73 98
Y2015M05D22h20m46s49_2.jpeg 5 4 9 9 30 62 113 135 186 13 171 179 215 8 58 57 92 9 89 75 95
Y2015M05D22h20m46s49_3.jpeg 5 28 2 2 5 2 69 57 89 33 175 182 214 30 130 153 208 4 111 104 140
Y2015M05D22h20m46s49_4.jpeg 4 21 3 3 9 6 81 77 108 30 178 185 216 40 127 151 202
Y2015M05D22h20m46s49_5.jpeg 5 16 2 3 8 41 128 148 198 30 177 184 214 6 37 34 68 4 87 75 100
Y2015M05D22h20m46s49_6.jpeg 5 16 3 3 7 37 107 130 179 28 178 184 215 7 33 40 68 9 87 74 99
Y2015M05D22h20m46s49_7.jpeg 5 4 5 6 14 16 95 108 147 29 170 179 210 38 131 156 212 10 38 39 63
Y2015M05D22h20m46s49_8.jpeg 5 4 7 7 20 8 57 62 94 27 165 176 212 36 131 156 211 22 104 120 162
Y2015M05D22h20m46s49_9.jpeg 5 14 4 4 11 44 107 132 182 29 169 178 209 6 43 48 81 6 82 70 94
Y2015M05D26h16m31s03_1.jpeg 4 17 2 4 8 6 17 28 51 58 149 165 191 16 71 83 109
Y2015M05D26h16m31s03_2.jpeg 5 20 2 5 12 14 60 68 90 34 154 174 207 22 111 123 148 8 160 168 183
Y2015M05D26h16m31s03_3.jpeg 3 22 3 5 17 54 143 160 191 23 68 77 101
Y2015M05D26h16m31s03_4.jpeg 4 18 4 7 16 17 58 68 90 39 152 174 205 23 114 125 148
Y2015M05D26h16m31s03_5.jpeg 4 41 2 4 10 9 54 62 81 34 148 163 189 14 110 117 137
Y2015M05D26h16m31s03_6.jpeg 5 35 3 6 12 14 152 169 208 18 55 64 85 9 108 123 146 22 157 170 188
Y2015M05D27h17m18s01_1.jpeg 3 13 3 12 38 36 165 186 218 50 55 76 114
Y2015M05D27h17m18s01_2.jpeg 5 17 2 3 10 10 7 25 71 28 160 180 220 21 92 117 166 22 51 73 118
Y2015M05D27h17m18s01_3.jpeg 5 10 17 40 85 26 99 127 178 10 2 5 16 25 54 79 128 26 157 177 214
Y2015M05D27h17m18s01_4.jpeg 4 19 3 4 12 8 11 31 75 34 152 172 214 37 64 87 137
Y2015M05D27h18m25s23_1.jpeg 4 14 3 12 25 18 145 158 172 56 38 55 77 10 85 98 114
Y2015M05D27h18m25s23_10.jpeg 5 13 3 5 10 25 165 184 204 12 8 23 48 8 100 118 140 40 37 57 88
Y2015M05D27h18m25s23_2.jpeg 4 17 4 14 38 15 151 168 187 53 41 58 86 13 93 108 130
Y2015M05D27h18m25s23_3.jpeg 4 24 4 11 32 9 101 115 135 47 43 57 87 17 155 170 190
Y2015M05D27h18m25s23_4.jpeg 4 17 2 7 18 26 157 172 191 47 34 50 79 8 96 106 131
Y2015M05D27h18m25s23_5.jpeg 5 14 5 18 48 9 113 130 153 41 40 58 90 21 162 179 198 14 2 6 13
Y2015M05D27h18m25s23_6.jpeg 5 36 3 3 6 6 121 137 159 9 6 19 47 28 44 62 94 18 169 187 207
Y2015M05D27h18m25s23_7.jpeg 5 12 5 17 45 24 169 190 211 37 45 60 91 20 4 5 9 5 108 126 150
Y2015M05D27h18m25s23_8.jpeg 5 14 5 16 42 6 113 127 152 34 42 57 88 27 168 188 210 16 2 4 9
Y2015M05D27h18m25s23_9.jpeg 4 12 3 15 38 8 108 123 147 48 39 57 88 30 160 181 201
Y2015M05D28h12m09s31_1.jpeg 5 13 7 5 6 13 78 71 77 21 182 181 187 40 231 229 232 10 130 127 135
Y2015M05D28h12m09s31_10.jpeg 6 39 4 3 4 4 58 53 61 26 226 233 232 16 165 169 173 9 118 121 133 3 100 97 87
Y2015M05D28h12m09s31_2.jpeg 5 16 4 3 4 5 68 57 58 58 227 227 228 13 164 159 162 5 112 103 106
Y2015M05D28h12m09s31_3.jpeg 5 7 8 6 5 21 176 175 176 5 71 68 70 53 234 237 236 11 120 116 117
Y2015M05D28h12m09s31_4.jpeg 4 8 6 5 5 14 149 150 155 13 83 76 80 63 223 224 225
Y2015M05D28h12m09s31_5.jpeg 4 16 7 6 6 13 175 176 178 12 94 87 86 56 230 233 234
Y2015M05D28h12m09s31_6.jpeg 4 23 3 2 2 10 77 70 73 52 227 229 231 14 150 152 157
Y2015M05D28h12m09s31_7.jpeg 4 13 6 4 4 20 149 150 157 16 78 76 80 49 229 230 232
Y2015M05D28h12m09s31_8.jpeg 6 27 4 3 2 9 147 150 156 12 64 57 62 39 226 229 231 4 174 155 149 7 106 95 93
Y2015M05D28h12m09s31_9.jpeg 4 51 2 2 3 10 86 80 87 24 221 226 231 13 138 140 147
Y2015M05D28h12m32s56_1.jpeg 4 23 8 4 3 7 83 61 57 55 235 215 208 13 156 131 122
Y2015M05D28h12m32s56_2.jpeg 5 16 7 4 3 7 88 63 56 17 246 233 226 17 165 135 122 40 217 188 177
Y2015M05D28h12m32s56_3.jpeg 5 11 13 5 4 15 184 162 152 59 235 215 206 9 78 63 63 3 131 108 97
Y2015M05D28h12m32s56_4.jpeg 5 3 25 9 7 15 150 123 115 17 246 228 221 22 78 64 61 41 202 174 163
Y2015M05D28h12m32s56_5.jpeg 5 9 9 4 3 41 204 177 166 18 80 63 58 12 142 117 108 18 244 227 219
Y2015M05D28h12m32s56_6.jpeg 4 28 7 4 4 12 173 148 137 48 235 213 205 9 80 62 56
Y2015M05D28h13m14s01_1.jpeg 5 22 7 5 6 28 64 57 62 7 182 175 179 27 116 113 122 14 243 239 241
Y2015M05D28h13m14s01_10.jpeg 5 14 10 5 5 28 131 134 146 19 240 232 226 27 78 68 69 10 165 147 142
Y2015M05D28h13m14s01_3.jpeg 5 12 11 6 6 11 237 224 220 39 79 68 71 23 118 110 118 13 174 154 148
Y2015M05D28h13m14s01_4.jpeg 5 13 15 9 9 22 239 230 226 34 81 68 69 13 119 110 118 15 170 153 148
Y2015M05D28h13m14s01_5.jpeg 4 22 9 5 5 20 72 62 63 19 221 208 206 37 139 131 137
Y2015M05D28h13m14s01_6.jpeg 6 8 12 7 8 37 114 104 106 8 169 163 165 27 62 58 66 11 166 144 132 6 237 225 222
Y2015M05D28h13m14s01_7.jpeg 6 11 8 5 5 21 81 74 79 12 234 222 212 11 171 153 143 28 136 134 146 14 120 105 99
Y2015M05D28h13m14s01_8.jpeg 5 9 10 6 5 20 85 74 79 14 232 224 224 43 129 118 121 11 177 158 150
Y2015M05D28h13m14s01_9.jpeg 5 10 7 5 4 9 66 54 58 18 237 226 221 42 158 151 158 18 114 103 103
Y2015M05D28h15m50s25_1.jpeg 4 30 6 6 12 8 129 125 141 31 53 58 84 28 197 194 209
Y2015M05D28h15m50s25_10.jpeg 6 21 5 5 9 11 166 173 218 25 46 62 100 15 209 212 215 15 48 58 76 10 158 161 182
Y2015M05D28h15m50s25_2.jpeg 5 9 4 4 12 6 137 138 158 48 58 64 91 10 25 29 52 24 204 205 212
Y2015M05D28h15m50s25_3.jpeg 5 9 11 14 31 3 177 187 222 68 59 71 97 14 215 215 223 4 155 157 169
Y2015M05D28h15m50s25_4.jpeg 4 23 6 7 14 22 209 212 217 45 54 63 87 9 140 143 155
Y2015M05D28h15m50s25_5.jpeg 4 33 4 4 7 22 207 209 216 35 50 60 88 9 87 100 126
Y2015M05D28h15m50s25_6.jpeg 5 23 5 6 11 7 165 176 218 42 42 54 83 17 205 208 216 8 86 94 112
Y2015M05D28h15m50s25_7.jpeg 6 22 4 4 7 8 166 179 220 18 36 45 70 6 99 96 105 20 207 208 218 24 58 75 113
Y2015M05D28h15m50s25_8.jpeg 5 12 5 7 12 8 165 178 223 58 43 55 81 5 160 167 182 14 211 216 219
Y2015M05D28h15m50s25_9.jpeg 6 20 4 5 9 15 168 175 213 17 51 68 104 16 207 209 214 21 45 52 71 8 151 152 169
Y2015M05D28h16m42s39_1.jpeg 5 5 6 8 16 26 86 101 134 12 159 164 176 44 110 119 134 12 60 66 78
Y2015M05D28h16m42s39_2.jpeg 4 27 3 3 5 9 70 82 99 30 162 166 171 33 109 122 142
Y2015M05D28h16m42s39_3.jpeg 4 17 2 3 5 6 29 35 51 44 105 117 137 31 157 161 168
Y2015M05D28h16m42s39_4.jpeg 4 5 6 10 14 52 104 120 144 16 182 191 194 25 61 67 84
Y2015M05D28h16m42s39_5.jpeg 5 13 5 5 7 48 106 125 149 23 157 165 176 4 46 44 61 10 92 91 101
Y2015M05D28h16m42s39_6.jpeg 4 22 4 5 7 15 64 66 80 22 161 172 182 40 100 118 142
Y2015M05D28h16m42s39_7.jpeg 5 21 1 2 3 38 97 114 138 13 154 164 173 7 23 27 41 18 68 70 82
Y2015M05D28h19m46s20_1.jpeg 6 14 3 4 12 8 141 154 190 17 5 14 49 25 190 204 231 28 36 51 92 5 80 92 129
Y2015M05D28h19m46s20_10.jpeg 5 13 1 2 6 11 115 129 160 15 4 13 42 51 30 47 79 7 175 188 213
Y2015M05D28h19m46s20_2.jpeg 4 17 4 11 39 29 177 192 225 46 38 54 92 6 85 97 127
Y2015M05D28h19m46s20_3.jpeg 4 21 4 13 46 8 118 140 178 45 36 53 90 24 183 199 231
Y2015M05D28h19m46s20_4.jpeg 5 10 4 13 45 9 130 143 170 34 37 54 89 32 187 205 233 14 3 4 12
Y2015M05D28h19m46s20_5.jpeg 6 13 3 14 46 9 142 159 186 26 39 53 89 31 187 205 231 16 2 4 10 3 77 93 119
Y2015M05D28h19m46s20_6.jpeg 4 21 3 8 28 4 112 126 159 39 36 52 86 34 182 198 226
Y2015M05D28h19m46s20_7.jpeg 5 14 6 17 49 7 120 135 163 56 39 57 93 12 184 199 227 9 1 4 16
Y2015M05D28h19m46s20_8.jpeg 6 17 2 3 9 1 101 143 202 10 5 14 49 24 185 201 228 40 39 56 92 5 128 142 175
Y2015M05D28h19m46s20_9.jpeg 4 24 2 7 25 9 125 141 169 41 34 52 85 23 184 201 226
Y2015M05D28h20m23s19_1.jpeg 4 22 4 7 29 13 128 135 159 43 32 37 62 21 70 78 101
Y2015M05D28h20m23s19_10.jpeg 5 29 2 4 14 9 118 129 153 28 27 34 56 26 182 195 216 5 63 73 97
Y2015M05D28h20m23s19_2.jpeg 4 32 2 4 16 15 121 136 158 26 181 194 214 25 39 44 67
Y2015M05D28h20m23s19_3.jpeg 4 21 3 8 26 9 102 113 137 27 35 43 65 41 170 182 204
Y2015M05D28h20m23s19_4.jpeg 4 14 3 8 27 11 83 92 118 46 35 40 61 27 150 166 188
Y2015M05D28h20m23s19_5.jpeg 4 27 2 5 19 10 99 108 130 30 32 37 59 31 176 188 209
Y2015M05D28h20m23s19_6.jpeg 4 26 3 6 23 11 103 112 137 30 32 37 62 31 180 191 213
Y2015M05D28h20m23s19_7.jpeg 5 22 3 6 20 9 93 101 125 39 31 37 59 7 144 152 176 20 187 200 220
Y2015M05D28h20m23s19_8.jpeg 4 27 3 8 26 9 104 114 135 17 164 177 200 45 32 39 61
Y2015M05D28h20m23s19_9.jpeg 4 28 4 8 27 8 118 130 150 48 34 39 63 14 180 194 213
Y2015M05D29h12m32s41_1.jpeg 4 10 27 17 22 8 224 215 218 68 79 71 77 12 124 115 118
Y2015M05D29h12m32s41_10.jpeg 4 20 9 6 6 4 180 171 170 60 82 73 79 14 237 230 227
Y2015M05D29h12m32s41_2.jpeg 6 10 8 4 4 5 185 176 177 9 41 34 40 48 81 73 80 19 241 232 233 6 121 112 116
Y2015M05D29h12m32s41_3.jpeg 4 18 5 3 4 6 163 151 152 51 81 71 82 22 240 228 228
Y2015M05D29h12m32s41_4.jpeg 5 14 6 3 3 17 238 230 230 10 48 39 42 49 90 80 86 7 169 160 161
Y2015M05D29h12m32s41_5.jpeg 5 21 4 3 2 21 237 228 228 11 42 34 38 39 87 77 84 6 149 139 141
Y2015M05D29h12m32s41_6.jpeg 4 26 10 6 6 18 234 226 226 48 79 68 75 7 139 129 132
Y2015M05D29h12m32s41_7.jpeg 4 18 13 9 9 5 160 152 151 60 85 76 81 15 236 231 229
Y2015M05D29h12m32s41_8.jpeg 4 28 9 6 6 17 231 224 223 47 79 69 73 5 135 126 126
Y2015M05D29h12m32s41_9.jpeg 5 17 5 3 3 15 237 229 229 9 43 34 37 53 81 71 78 5 161 152 152
Y2015M05D29h15m07s12_1.jpeg 5 18 4 5 9 12 70 71 86 10 166 185 222 35 185 190 205 23 125 134 155
Y2015M05D29h15m07s12_10.jpeg 4 13 6 7 12 17 83 81 94 16 119 130 156 51 173 184 208
Y2015M05D29h15m07s12_2.jpeg 6 9 4 5 12 6 52 51 66 13 173 194 235 24 138 148 174 38 189 195 216 7 99 102 120
Y2015M05D29h15m07s12_3.jpeg 5 5 12 10 21 58 172 181 205 7 166 184 228 10 58 57 76 17 104 95 109
Y2015M05D29h15m07s12_4.jpeg 5 8 5 6 13 23 124 137 167 46 179 188 208 8 52 51 68 12 97 90 105
Y2015M05D29h15m07s12_5.jpeg 3 12 6 7 16 16 81 84 103 70 165 175 197
Y2015M05D29h15m07s12_6.jpeg 5 12 6 7 14 12 116 127 158 11 53 55 76 48 176 184 205 15 97 94 109
Y2015M05D29h15m07s12_7.jpeg 5 9 10 10 18 39 120 129 151 12 182 184 195 24 72 73 86 13 147 162 201
Y2015M05D29h15m07s12_8.jpeg 5 19 5 5 8 7 71 65 83 12 110 121 148 46 168 178 199 13 120 107 121
Y2015M05D29h15m07s12_9.jpeg 5 27 3 3 5 9 71 71 89 16 127 141 166 34 176 184 204 11 124 114 126
Y2015M05D29h16m33s18_1.jpeg 5 25 6 6 10 5 120 128 158 13 62 59 76 18 107 85 90 37 192 197 214
Y2015M05D29h16m33s18_2.jpeg 5 10 5 6 15 9 118 125 155 22 104 76 74 21 66 61 77 36 188 191 210
Y2015M05D29h16m33s18_3.jpeg 5 8 13 10 22 18 137 137 152 25 101 76 70 31 68 62 78 15 192 191 205
Y2015M05D29h16m33s18_4.jpeg 5 12 3 2 5 18 63 57 67 47 92 73 71 7 167 179 212 13 122 119 134
Y2015M05D29h16m33s18_5.jpeg 3 32 4 5 6 52 78 66 68 14 125 123 137
Y2015M05D29h16m33s18_6.jpeg 2 7 22 19 22 92 72 61 62
Y2015M05D29h16m33s18_7.jpeg 3 8 8 5 8 79 71 59 63 11 110 105 112
Y2015M05D29h16m33s18_8.jpeg 5 6 8 5 10 15 50 45 54 6 163 169 185 52 83 63 62 17 96 93 102
Y2015M05D29h17m11s29_1.jpeg 3 9 6 13 53 26 166 176 207 64 49 62 101
Y2015M05D29h17m11s29_10.jpeg 4 15 3 10 35 13 133 149 178 42 36 50 84 28 183 201 228
Y2015M05D29h17m11s29_2.jpeg 3 13 6 11 42 26 164 177 207 59 44 56 90
Y2015M05D29h17m11s29_3.jpeg 4 19 5 8 30 35 181 197 226 35 45 52 90 9 106 112 144
Y2015M05D29h17m11s29_4.jpeg 5 27 4 6 12 7 130 144 177 11 19 31 61 32 186 201 225 21 53 69 107
Y2015M05D29h17m11s29_5.jpeg 5 10 5 13 36 8 142 152 183 55 38 50 85 8 68 83 109 16 187 204 235
Y2015M05D29h17m11s29_6.jpeg 4 17 3 10 36 12 131 143 172 39 47 57 91 30 187 203 228
Y2015M05D29h17m11s29_7.jpeg 5 22 5 10 33 6 130 142 169 36 50 63 99 32 189 203 230 2 92 67 96
Y2015M05D29h17m11s29_8.jpeg 5 18 2 9 33 11 132 148 172 17 60 75 118 28 185 202 227 24 36 45 76
Y2015M05D29h17m11s29_9.jpeg 5 12 7 16 46 4 127 140 169 37 42 56 93 30 185 203 228 14 2 4 11
Y2015M06D02h17m27s24_1.jpeg 4 15 6 18 45 28 95 112 143 41 47 63 92 14 151 166 192
Y2015M06D02h17m27s24_10.jpeg 5 10 4 6 16 19 110 133 164 16 17 37 66 33 59 81 113 20 164 183 206
Y2015M06D02h17m27s24_2.jpeg 4 19 4 13 36 20 101 118 145 29 49 67 95 30 150 164 185
Y2015M06D02h17m27s24_3.jpeg 4 24 3 8 22 13 34 48 74 37 137 150 169 24 78 94 123
Y2015M06D02h17m27s24_4.jpeg 3 20 3 11 28 42 147 161 183 36 57 72 99
Y2015M06D02h17m27s24_5.jpeg 3 26 3 10 30 36 149 161 181 36 54 66 94
Y2015M06D02h17m27s24_6.jpeg 4 12 3 5 13 39 142 159 184 19 22 41 69 28 71 92 123
Y2015M06D02h17m27s24_7.jpeg 4 24 23 40 68 41 75 94 127 25 130 147 173 8 2 7 22
Y2015M06D02h17m27s24_8.jpeg 5 12 8 22 54 22 101 122 156 20 53 72 108 32 154 172 196 11 2 4 12
Y2015M06D02h17m27s24_9.jpeg 4 12 8 25 50 27 108 135 167 38 50 72 104 21 160 183 208
Y2015M06D02h18m24s50_1.jpeg 4 14 16 28 58 26 118 138 168 49 72 90 121 9 178 196 225
Y2015M06D02h18m24s50_10.jpeg 5 8 2 6 17 42 74 96 128 18 175 194 220 17 27 44 72 12 111 133 163
Y2015M06D02h18m24s50_2.jpeg 4 9 13 29 61 16 178 197 226 20 54 73 108 52 96 116 151
Y2015M06D02h18m24s50_3.jpeg 4 8 2 8 27 32 170 189 218 41 94 114 150 17 37 53 81
Y2015M06D02h18m24s50_4.jpeg 4 6 3 7 19 23 164 183 212 15 39 59 88 55 88 110 145
Y2015M06D02h18m24s50_5.jpeg 5 5 2 6 21 38 98 120 154 30 168 188 215 11 21 37 66 13 58 78 109
Y2015M06D02h18m24s50_6.jpeg 5 7 6 15 43 14 38 54 86 23 170 188 215 40 91 113 146 14 3 4 10
Y2015M06D02h18m24s50_7.jpeg 4 7 2 9 29 21 166 182 209 51 81 101 135 18 31 45 74
Y2015M06D02h18m24s50_8.jpeg 4 10 3 8 28 25 159 175 202 16 34 48 79 47 82 101 134
Y2015M06D02h18m24s50_9.jpeg 5 6 1 5 23 22 119 140 170 30 74 92 126 21 24 38 67 18 176 196 224
Y2015M06D03h12m54s13_1.jpeg 4 33 5 3 4 10 62 53 66 29 173 161 170 26 109 94 98
Y2015M06D03h12m54s13_10.jpeg 7 10 9 5 9 18 229 223 235 8 51 58 89 16 77 66 77 23 124 115 128 8 115 138 175 13 175 168 182
Y2015M06D03h12m54s13_2.jpeg 5 51 6 3 3 19 83 67 67 9 221 202 199 14 146 127 125 5 39 17 15
Y2015M06D03h12m54s13_3.jpeg 7 37 9 5 6 5 113 154 192 12 231 214 212 12 66 62 77 13 138 134 151 10 164 147 149 8 100 82 85
Y2015M06D03h12m54s13_4.jpeg 5 20 5 3 5 11 161 157 169 39 62 55 61 19 101 98 113 9 217 212 222
Y2015M06D03h12m54s13_5.jpeg 7 10 32 23 30 2 133 181 225 18 218 214 230 16 77 75 87 35 142 144 167 8 97 78 71 7 214 197 193
Y2015M06D03h12m54s13_6.jpeg 6 20 9 4 7 21 131 128 148 34 63 58 67 11 199 193 209 6 123 100 92 5 205 192 188
Y2015M06D03h12m54s13_7.jpeg 5 28 5 3 4 19 67 60 67 20 204 198 212 26 111 106 116 5 166 141 130
Y2015M06D03h12m54s13_8.jpeg 7 27 7 4 6 16 161 151 166 23 62 54 62 11 216 207 221 12 105 98 108 4 153 133 124 3 232 210 202
Y2015M06D03h12m54s13_9.jpeg 7 8 6 3 4 26 162 161 183 17 225 217 231 6 69 76 100 14 119 106 117 16 73 59 67 10 154 131 126
Y2015M06D03h16m51s43_1.jpeg 4 17 11 5 9 36 213 203 210 31 65 56 72 14 130 112 120
Y2015M06D03h16m51s43_10.jpeg 4 11 21 10 17 18 204 196 204 46 61 56 70 23 120 100 105
Y2015M06D03h16m51s43_2.jpeg 6 10 20 13 20 16 175 182 206 35 69 60 78 12 224 212 217 12 168 150 155 13 117 100 108
Y2015M06D03h16m51s43_3.jpeg 5 13 22 13 22 6 167 164 176 21 124 100 102 37 69 60 76 21 224 214 218
Y2015M06D03h16m51s43_4.jpeg 5 14 7 3 5 37 223 215 218 8 49 35 40 22 105 87 93 15 168 149 150
Y2015M06D03h16m51s43_5.jpeg 4 13 15 8 11 20 213 202 207 45 63 53 63 20 123 104 108
Y2015M06D03h16m51s43_6.jpeg 4 11 8 5 8 41 222 213 219 28 73 65 79 19 141 123 129
Y2015M06D03h16m51s43_7.jpeg 4 9 14 10 17 41 224 214 219 16 129 115 121 32 65 59 70
Y2015M06D03h16m51s43_8.jpeg 6 10 22 13 21 10 177 182 206 34 67 62 76 16 224 214 220 16 122 98 105 10 168 146 150
Y2015M06D03h16m51s43_9.jpeg 5 20 6 4 5 36 223 216 217 8 42 32 35 18 150 129 132 16 92 74 80
Y2015M06D03h17m11s45_1.jpeg 4 17 12 6 8 29 86 72 72 27 183 174 177 26 127 118 120
Y2015M06D03h17m11s45_10.jpeg 5 23 8 5 7 6 47 39 46 14 200 191 195 40 133 124 121 15 90 80 80
Y2015M06D03h17m11s45_2.jpeg 5 22 5 3 2 9 44 35 33 13 195 179 181 24 135 123 122 30 90 80 78
Y2015M06D03h17m11s45_3.jpeg 4 38 6 4 4 13 79 72 67 15 195 184 185 31 124 115 112
Y2015M06D03h17m11s45_4.jpeg 4 44 6 3 3 7 64 57 56 19 186 176 174 28 117 107 104
Y2015M06D03h17m11s45_5.jpeg 5 42 5 3 3 9 45 38 42 12 82 76 73 6 185 179 177 29 125 118 114
Y2015M06D03h17m11s45_6.jpeg 4 39 5 3 3 7 55 40 37 27 201 192 197 25 117 101 99
Y2015M06D03h17m11s45_7.jpeg 5 20 7 3 6 9 47 34 44 25 156 143 142 26 103 88 93 17 211 201 205
Y2015M06D03h17m11s45_8.jpeg 4 24 6 4 4 11 74 62 59 28 202 194 197 35 136 121 120
Y2015M06D03h17m11s45_9.jpeg 5 15 6 4 4 11 50 43 48 30 144 132 132 27 102 87 88 16 206 196 200
Y2015M06D03h17m12s33_1.jpeg 4 12 12 10 18 23 210 204 217 55 66 71 92 9 122 120 135
Y2015M06D03h17m12s33_10.jpeg 5 11 4 4 6 4 151 148 158 11 33 39 60 49 73 83 105 21 206 205 212
Y2015M06D03h17m12s33_2.jpeg 4 7 23 22 40 13 113 103 113 68 66 74 97 10 169 161 169
Y2015M06D03h17m12s33_3.jpeg 4 10 25 23 43 24 196 195 206 51 71 74 99 13 112 114 131
Y2015M06D03h17m12s33_4.jpeg 6 9 7 7 19 14 160 150 157 26 84 91 119 9 88 78 85 23 203 202 212 16 40 40 58
Y2015M06D03h17m12s33_5.jpeg 4 13 11 9 17 20 181 175 182 52 77 82 102 13 128 117 124
Y2015M06D03h17m12s33_6.jpeg 4 12 14 13 22 15 187 184 194 63 67 75 96 8 128 123 135
Y2015M06D03h17m12s33_7.jpeg 5 12 4 3 10 6 139 143 164 10 29 32 53 43 72 78 104 26 202 200 215
Y2015M06D03h17m12s33_8.jpeg 4 17 7 7 14 7 142 142 153 50 62 70 92 24 203 202 211
Y2015M06D03h17m12s33_9.jpeg 4 17 4 4 5 24 202 200 208 10 30 34 54 47 75 86 111
Y2015M06D05h12m50s14_1.jpeg 5 20 5 3 3 11 180 162 162 8 69 52 53 35 242 233 235 23 110 95 97
Y2015M06D05h12m50s14_10.jpeg 6 11 10 6 6 7 185 173 175 15 85 70 75 40 245 239 241 12 127 114 120 11 227 189 185
Y2015M06D05h12m50s14_2.jpeg 5 16 9 5 5 22 157 144 144 21 93 76 77 30 239 237 239 9 225 197 193
Y2015M06D05h12m50s14_3.jpeg 4 23 6 4 4 20 188 167 168 13 86 75 80 42 242 233 235
Y2015M06D05h12m50s14_4.jpeg 5 28 6 4 4 4 70 56 61 28 234 223 225 21 168 153 153 17 113 97 100
Y2015M06D05h12m50s14_5.jpeg 5 15 11 6 6 19 163 150 149 20 95 82 84 36 243 237 237 8 235 201 195
Y2015M06D05h12m50s14_6.jpeg 5 26 5 3 3 19 92 81 90 23 239 231 234 11 137 113 111 19 175 161 164
Y2015M06D05h12m50s14_7.jpeg 5 10 8 4 4 20 168 153 155 38 245 239 242 19 93 77 82 12 230 195 192
Y2015M06D05h12m50s14_8.jpeg 4 57 3 2 2 13 93 85 91 8 175 166 168 20 241 235 237
Y2015M06D05h12m50s14_9.jpeg 7 42 3 2 2 5 63 53 60 21 237 230 233 4 139 108 109 11 169 156 160 10 102 95 102 3 218 186 188
Y2015M06D08h19m36s38_1.jpeg 2 21 2 3 8 78 131 137 153
Y2015M06D08h19m36s38_2.jpeg 3 1 3 5 11 84 146 157 174 13 102 110 129
Y2015M06D08h19m36s38_3.jpeg 3 27 7 7 13 13 93 93 109 59 129 136 152
Y2015M06D08h19m36s38_4.jpeg 3 12 5 5 10 12 98 97 120 74 127 136 151
Y2015M06D08h19m36s38_5.jpeg 3 21 2 3 7 10 70 77 94 68 129 135 151
Y2015M06D08h19m36s38_6.jpeg 3 22 2 3 5 6 93 93 108 71 135 145 162
Y2015M06D09h10m58s56_1.jpeg 4 51 4 4 5 19 217 213 217 5 126 121 125 23 60 58 65
Y2015M06D09h10m58s56_2.jpeg 5 27 10 6 5 32 52 42 42 10 157 147 144 25 102 85 80 4 217 216 215
Y2015M06D09h12m07s01_1.jpeg 3 10 21 12 21 32 188 180 190 57 82 74 84
Y2015M06D09h12m07s01_10.jpeg 5 8 25 14 27 16 205 195 210 45 77 68 79 15 58 66 94 14 118 111 122
Y2015M06D09h12m07s01_2.jpeg 4 11 18 15 22 3 195 187 201 63 75 71 83 22 117 113 123
Y2015M06D09h12m07s01_3.jpeg 5 12 10 6 11 6 70 74 98 19 192 187 195 47 108 99 110 13 56 49 59
Y2015M06D09h12m07s01_4.jpeg 4 8 7 5 9 21 190 185 192 13 54 45 54 56 93 85 94
Y2015M06D09h12m07s01_5.jpeg 3 17 17 12 19 25 197 190 198 56 87 79 90
Y2015M06D09h12m07s01_6.jpeg 4 11 13 8 13 30 191 185 195 9 70 74 100 48 93 86 96
Y2015M06D09h12m07s01_7.jpeg 5 14 9 5 9 28 193 187 197 6 70 78 100 32 108 98 108 17 64 56 66
Y2015M06D09h12m07s01_8.jpeg 5 19 4 2 4 8 155 145 158 9 48 39 49 32 95 84 93 30 207 200 211
Y2015M06D09h12m07s01_9.jpeg 4 6 24 16 26 21 206 201 210 58 81 72 83 12 147 143 153
Y2015M06D09h16m15s51_1.jpeg 4 19 9 9 21 11 125 123 137 44 47 48 60 23 190 187 201
Y2015M06D09h16m15s51_10.jpeg 4 18 7 8 16 11 136 135 145 43 51 53 64 26 197 198 209
Y2015M06D09h16m15s51_2.jpeg 4 28 8 9 17 6 138 139 151 36 196 195 209 27 55 56 69
Y2015M06D09h16m15s51_3.jpeg 4 20 6 7 16 13 107 106 118 44 45 45 58 20 175 174 186
Y2015M06D09h16m15s51_4.jpeg 4 27 8 8 15 9 133 133 143 30 58 58 70 33 194 193 205
Y2015M06D09h16m15s51_5.jpeg 4 20 7 6 16 14 120 120 130 44 49 48 59 21 185 184 194
Y2015M06D09h16m15s51_6.jpeg 4 8 8 6 17 8 115 112 126 69 49 48 62 13 172 170 179
Y2015M06D09h16m15s51_7.jpeg 4 16 9 9 20 9 111 111 123 66 47 49 61 8 176 177 189
Y2015M06D09h16m15s51_8.jpeg 4 19 8 10 17 9 123 125 133 35 55 56 69 35 195 196 206
Y2015M06D09h16m15s51_9.jpeg 4 29 7 9 15 5 138 138 148 38 56 56 70 26 202 202 212
Y2015M06D12h09m38s57_1.jpeg 3 72 25 25 34 20 101 101 106 6 145 145 150
Y2015M06D12h09m38s57_10.jpeg 4 21 3 3 6 6 83 83 90 54 28 29 39 17 132 130 138
Y2015M06D12h09m38s57_2.jpeg 2 81 31 30 40 18 100 98 107
Y2015M06D12h09m38s57_3.jpeg 2 74 27 26 36 25 104 103 112
Y2015M06D12h09m38s57_4.jpeg 3 13 6 6 11 38 107 106 112 47 36 35 45
Y2015M06D12h09m38s57_5.jpeg 3 22 5 4 8 25 109 107 114 52 33 33 42
Y2015M06D12h09m38s57_6.jpeg 3 27 5 4 8 26 110 108 115 46 33 33 43
Y2015M06D12h09m38s57_7.jpeg 3 13 5 4 9 21 105 104 111 65 28 29 39
Y2015M06D12h09m38s57_8.jpeg 3 24 4 4 8 22 117 115 122 53 34 33 44
Y2015M06D12h09m38s57_9.jpeg 4 29 4 4 7 6 83 82 88 48 31 32 42 15 128 127 133
Y2015M06D12h12m09s02_1.jpeg 5 4 8 6 6 38 207 204 215 11 45 47 45 34 85 88 88 10 139 144 142
Y2015M06D12h12m09s02_10.jpeg 4 18 3 4 4 23 197 192 196 14 52 51 53 43 94 97 98
Y2015M06D12h12m09s02_2.jpeg 3 55 82 86 86 33 214 215 229 11 166 157 160
Y2015M06D12h12m09s02_3.jpeg 4 18 6 5 5 33 203 203 208 13 56 56 57 34 109 111 113
Y2015M06D12h12m09s02_4.jpeg 4 12 5 6 6 31 204 206 210 14 52 53 54 41 103 107 108
Y2015M06D12h12m09s02_5.jpeg 5 11 12 13 13 28 213 213 223 19 67 67 69 29 101 106 107 11 153 151 154
Y2015M06D12h12m09s02_6.jpeg 4 16 7 8 8 25 211 209 211 32 75 77 78 25 130 133 135
Y2015M06D12h12m09s02_7.jpeg 4 25 6 5 6 11 59 61 63 28 204 202 206 35 107 110 113
Y2015M06D12h12m09s02_8.jpeg 4 8 4 5 4 27 208 206 209 10 41 46 44 52 98 103 104
Y2015M06D12h12m09s02_9.jpeg 4 21 5 5 5 31 207 204 207 24 72 76 76 22 115 120 120
Y2015M06D12h12m09s03_1.jpeg 4 9 11 9 22 26 109 110 132 19 59 58 77 43 167 166 180
Y2015M06D12h12m09s03_10.jpeg 6 20 4 3 4 8 22 26 43 11 102 109 134 5 170 174 196 23 108 103 109 30 59 62 78
Y2015M06D12h12m09s03_2.jpeg 4 9 8 7 11 28 63 63 80 52 129 130 140 9 177 177 188
Y2015M06D12h12m09s03_3.jpeg 3 16 32 35 46 34 150 148 155 48 78 82 96
Y2015M06D12h12m09s03_4.jpeg 5 6 15 14 28 23 110 115 132 49 62 66 81 15 159 153 162 4 194 198 215
Y2015M06D12h12m09s03_5.jpeg 4 8 11 10 18 37 122 124 139 46 64 67 85 7 177 176 191
Y2015M06D12h12m09s03_6.jpeg 5 13 5 4 8 22 55 55 67 27 128 127 135 24 95 98 118 11 166 167 181
Y2015M06D12h12m09s03_7.jpeg 4 14 7 7 13 33 96 99 114 34 50 54 67 17 156 156 165
Y2015M06D12h12m09s03_8.jpeg 5 7 7 7 13 42 84 89 110 27 131 128 133 20 43 45 60 2 182 181 198
Y2015M06D12h12m09s03_9.jpeg 4 12 24 23 37 36 125 124 133 43 73 77 94 7 178 179 187
Y2015M06D12h16m06s28_1.jpeg 4 28 14 14 27 10 139 139 153 45 73 75 92 15 198 199 214
Y2015M06D12h16m06s28_10.jpeg 4 12 6 7 13 25 182 182 191 38 60 65 86 23 103 116 143
Y2015M06D12h16m06s28_2.jpeg 5 23 4 3 5 36 198 197 204 10 27 27 45 10 122 118 124 19 71 72 88
Y2015M06D12h16m06s28_3.jpeg 5 31 4 3 5 34 203 200 207 8 39 36 50 8 131 127 132 16 76 74 90
Y2015M06D12h16m06s28_4.jpeg 5 18 8 6 13 27 190 187 200 22 46 45 58 11 125 112 113 20 81 83 103
Y2015M06D12h16m06s28_5.jpeg 7 19 5 3 7 31 199 197 203 8 33 35 52 9 146 145 157 15 76 79 97 10 129 113 112 5 68 58 62
Y2015M06D12h16m06s28_6.jpeg 5 12 8 6 13 28 184 181 187 35 56 57 76 12 94 107 135 12 118 105 109
Y2015M06D12h16m06s28_7.jpeg 5 19 5 5 9 35 195 192 199 17 48 48 59 10 128 117 122 16 79 84 103
Y2015M06D12h16m06s28_8.jpeg 4 26 9 8 14 34 201 199 206 10 131 125 132 27 68 72 90
Y2015M06D12h16m06s28_9.jpeg 4 8 9 13 30 55 62 70 93 6 145 149 159 29 103 117 150
Y2015M06D12h18m33s55_1.jpeg 3 28 4 5 11 28 189 189 206 42 63 65 85
Y2015M06D12h18m33s55_10.jpeg 5 9 2 3 9 7 133 138 156 13 30 35 55 49 65 72 91 19 198 201 215
Y2015M06D12h18m33s55_2.jpeg 5 14 4 4 7 7 136 138 153 12 32 35 55 38 70 72 97 27 203 205 221
Y2015M06D12h18m33s55_3.jpeg 5 12 3 4 9 10 143 144 167 10 28 30 51 22 198 199 216 44 63 68 90
Y2015M06D12h18m33s55_4.jpeg 4 14 7 10 23 31 197 199 215 41 57 63 84 12 119 126 149
Y2015M06D12h18m33s55_5.jpeg 3 21 5 7 15 36 187 190 204 41 64 67 88
Y2015M06D12h18m33s55_6.jpeg 5 9 5 5 8 5 139 142 163 10 34 38 60 54 69 75 97 20 200 203 216
Y2015M06D12h18m33s55_7.jpeg 4 9 9 11 27 24 196 199 214 54 60 65 87 12 123 130 150
Y2015M06D12h18m33s55_8.jpeg 3 18 6 9 19 37 184 187 202 44 62 68 87
Y2015M06D12h18m33s55_9.jpeg 4 13 6 10 19 10 130 134 156 47 61 66 88 28 194 197 212
Y2015M06D12h20m52s03_1.jpeg 5 4 4 5 20 8 102 106 142 23 189 192 216 53 157 167 209 10 41 39 72
Y2015M06D12h20m52s03_10.jpeg 3 8 4 3 11 82 167 179 217 9 62 59 89
Y2015M06D12h20m52s03_2.jpeg 5 4 10 8 35 10 133 143 192 66 175 183 222 8 47 44 81 9 127 127 160
Y2015M06D12h20m52s03_3.jpeg 4 3 3 4 12 9 136 140 175 82 177 186 224 4 52 52 87
Y2015M06D12h20m52s03_4.jpeg 2 4 2 3 16 95 175 186 223
Y2015M06D12h20m52s03_5.jpeg 5 14 3 4 8 43 151 163 206 27 189 193 218 6 36 35 68 7 89 92 128
Y2015M06D12h20m52s03_6.jpeg 3 6 10 8 32 75 143 152 189 18 48 45 74
Y2015M06D12h20m52s03_7.jpeg 4 8 3 5 15 51 144 155 193 27 192 195 222 13 46 47 79
Y2015M06D12h20m52s03_8.jpeg 3 5 9 8 30 83 162 170 207 10 63 61 96
Y2015M06D12h20m52s03_9.jpeg 4 10 5 5 11 64 169 179 220 5 71 70 106 20 194 196 219
Y2015M06D15h11m53s55_1.jpeg 4 22 7 5 17 19 154 152 168 38 43 39 54 19 81 80 97
Y2015M06D15h11m53s55_10.jpeg 4 14 10 6 18 4 145 136 151 64 55 54 72 16 198 190 204
Y2015M06D15h11m53s55_2.jpeg 4 26 6 5 16 8 134 132 148 32 53 50 68 33 194 190 201
Y2015M06D15h11m53s55_3.jpeg 4 12 10 9 23 7 142 139 160 73 52 54 73 5 212 209 232
Y2015M06D15h11m53s55_4.jpeg 4 22 9 7 17 8 135 131 145 41 192 188 199 27 59 57 74
Y2015M06D15h11m53s55_5.jpeg 4 15 8 7 17 6 125 121 138 56 53 52 70 21 192 187 203
Y2015M06D15h11m53s55_6.jpeg 4 16 8 6 14 5 131 128 140 59 54 52 67 17 193 189 197
Y2015M06D15h11m53s55_7.jpeg 3 28 6 4 10 28 181 175 185 43 58 54 70
Y2015M06D15h11m53s55_8.jpeg 4 21 7 5 14 11 122 117 133 30 56 52 70 36 189 183 194
Y2015M06D15h11m53s55_9.jpeg 4 27 5 5 11 8 136 130 145 28 60 54 73 35 191 187 197
Y2015M06D15h18m36s40_1.jpeg 5 35 5 4 8 6 155 146 156 28 63 56 77 6 99 85 93 22 200 196 205
Y2015M06D15h18m36s40_2.jpeg 6 36 5 5 6 4 145 139 151 31 64 57 73 5 91 77 72 18 198 194 200 3 168 152 146
Y2015M06D15h18m36s40_3.jpeg 5 17 8 6 10 23 194 189 192 40 55 48 62 8 97 83 85 8 141 130 135
Y2015M06D15h18m36s40_4.jpeg 4 45 6 4 5 33 66 58 73 6 138 127 130 14 193 188 193
Y2015M06D15h18m36s40_5.jpeg 5 15 10 6 9 13 127 114 112 39 58 51 66 24 182 176 179 6 75 58 53
Y2015M06D15h18m36s40_6.jpeg 5 45 7 5 6 35 65 59 74 4 129 124 129 11 186 182 185 2 150 119 117
Y2015M06D16h18m13s35_1.jpeg 4 13 6 13 46 5 104 117 154 67 41 54 88 13 163 177 214
Y2015M06D16h18m13s35_10.jpeg 6 6 3 4 11 3 94 108 140 8 7 19 50 74 42 60 89 4 153 176 208 2 139 148 164
Y2015M06D16h18m13s35_2.jpeg 5 14 3 5 13 7 122 136 165 13 7 19 52 49 41 56 87 13 175 192 227
Y2015M06D16h18m13s35_3.jpeg 4 23 3 11 39 10 119 135 171 42 38 51 85 23 171 191 223
Y2015M06D16h18m13s35_4.jpeg 5 17 3 10 38 10 133 150 182 37 38 52 87 25 178 197 231 8 84 98 135
Y2015M06D16h18m13s35_5.jpeg 5 12 2 4 14 10 119 138 170 16 8 22 54 18 182 197 231 42 42 57 92
Y2015M06D16h18m13s35_6.jpeg 4 22 3 10 35 10 119 136 165 36 42 56 91 30 176 197 229
Y2015M06D16h18m13s35_7.jpeg 5 10 4 14 47 12 157 178 213 67 38 56 89 7 78 97 130 1 123 132 148
Y2015M06D16h18m13s35_8.jpeg 6 12 3 15 48 5 123 139 176 59 41 57 92 10 166 182 213 5 75 92 120 6 1 3 10
Y2015M06D16h18m13s35_9.jpeg 4 12 6 16 50 7 187 206 242 75 41 60 91 4 117 133 167
Y2015M06D17h17m33s17_1.jpeg 4 13 4 11 32 40 168 182 205 15 49 60 89 30 93 105 136
Y2015M06D17h17m33s17_2.jpeg 4 14 3 6 16 40 170 187 212 8 29 44 70 36 81 97 128
Y2015M06D17h17m33s17_3.jpeg 4 9 3 7 17 37 172 187 215 12 33 46 75 40 77 90 120
Y2015M06D17h17m33s17_4.jpeg 5 7 3 6 18 18 175 195 225 14 34 43 71 43 75 88 118 15 119 126 150
Y2015M06D17h17m33s17_5.jpeg 4 9 4 5 14 25 175 193 222 13 34 46 74 51 80 94 124
Y2015M06D17h17m33s17_6.jpeg 4 24 4 6 13 14 41 56 81 28 170 184 209 31 84 98 126
Y2015M06D17h17m33s17_7.jpeg 4 12 3 5 13 22 172 191 218 10 35 43 69 54 83 95 124
Y2015M06D17h17m33s17_8.jpeg 4 14 3 6 13 15 32 44 66 18 165 181 202 51 77 89 113
Y2015M06D17h17m33s17_9.jpeg 4 10 2 4 8 10 40 52 77 13 164 179 201 66 78 90 113
Y2015M06D17h18m42s35_1.jpeg 4 21 3 12 40 42 176 198 227 31 37 48 78 5 89 106 134
Y2015M06D17h18m42s35_2.jpeg 4 31 3 10 31 4 121 133 165 29 37 48 80 33 182 202 230
Y2015M06D18h16m26s08_1.jpeg 5 13 19 32 78 30 101 122 177 31 59 78 130 19 160 174 217 5 2 8 38
Y2015M06D18h16m26s08_10.jpeg 4 12 7 20 48 33 98 124 180 44 49 67 109 9 114 127 155
Y2015M06D18h16m26s08_2.jpeg 6 13 3 8 17 13 15 33 76 25 156 173 214 14 63 83 141 23 106 133 191 8 78 94 132
Y2015M06D18h16m26s08_3.jpeg 6 8 13 30 68 23 110 136 192 37 59 78 129 14 171 189 233 10 140 156 183 5 2 6 25
Y2015M06D18h16m26s08_4.jpeg 5 36 57 76 129 25 108 134 190 10 15 30 63 16 153 167 208 10 2 5 15
Y2015M06D18h16m26s08_5.jpeg 5 21 54 72 125 28 103 125 181 25 20 34 73 15 165 184 229 8 3 5 25
Y2015M06D18h16m26s08_6.jpeg 5 14 3 5 17 28 64 86 135 24 107 133 185 18 145 161 196 14 34 46 79
Y2015M06D18h16m26s08_7.jpeg 5 24 3 3 9 19 26 38 74 18 110 136 190 24 64 85 134 12 156 170 204
Y2015M06D18h16m26s08_8.jpeg 5 26 27 36 71 35 69 86 142 13 124 144 192 16 4 5 15 7 168 180 210
Y2015M06D18h16m26s08_9.jpeg 4 25 2 4 10 19 22 33 67 18 150 168 205 36 73 93 141
Y2015M06D24h10m41s16_1.jpeg 6 17 7 4 5 36 230 222 224 9 65 71 100 7 79 77 84 20 108 115 149 8 154 142 146
Y2015M06D24h10m41s16_10.jpeg 6 20 5 4 4 6 167 157 166 14 59 70 98 9 87 84 92 29 231 220 221 20 93 109 148
Y2015M06D24h10m41s16_2.jpeg 5 20 6 6 8 9 166 151 156 23 90 101 136 14 75 73 81 31 236 225 229
Y2015M06D24h10m41s16_3.jpeg 6 18 4 4 4 33 235 226 230 10 73 82 123 16 65 71 82 9 156 144 148 12 118 120 153
Y2015M06D24h10m41s16_4.jpeg 6 24 5 4 4 7 167 156 156 12 63 71 99 6 85 82 86 31 234 225 229 18 103 111 146
Y2015M06D24h10m41s16_5.jpeg 5 19 7 7 9 8 162 146 149 16 105 123 160 22 70 75 96 32 234 223 226
Y2015M06D24h10m41s16_6.jpeg 6 22 5 4 5 6 175 165 173 15 71 78 104 9 102 90 93 17 98 112 152 28 233 225 226
Y2015M06D24h10m41s16_7.jpeg 7 20 5 4 5 6 168 158 163 12 50 57 86 8 90 83 86 11 98 119 161 26 229 219 222 14 95 99 126
Y2015M06D24h10m41s16_8.jpeg 6 17 4 4 4 27 224 212 212 27 90 102 137 9 47 54 73 7 139 128 135 10 83 80 85
Y2015M06D24h10m41s16_9.jpeg 6 34 5 4 4 12 105 109 142 8 184 171 172 8 64 65 74 27 233 223 227 9 118 108 108
Y2015M06D24h10m55s25_1.jpeg 7 12 3 2 2 5 63 76 112 39 217 214 222 12 131 143 183 14 172 174 194 9 108 109 125 6 32 37 56
Y2015M06D24h12m35s44_1.jpeg 5 22 7 4 6 8 84 75 94 9 156 148 160 47 227 223 230 11 203 181 183
Y2015M06D24h12m35s44_10.jpeg 6 28 6 5 6 8 77 75 102 13 176 173 185 19 124 111 117 6 133 132 166 23 235 231 239
Y2015M06D24h12m35s44_2.jpeg 5 19 6 5 6 14 96 89 100 39 224 219 227 15 162 160 174 10 160 139 139
Y2015M06D24h12m35s44_3.jpeg 6 2 14 12 21 32 229 230 238 29 152 148 158 13 219 194 194 10 117 93 91 12 81 75 89
Y2015M06D24h12m35s44_4.jpeg 6 21 3 3 3 5 82 75 95 31 231 232 237 17 157 155 161 9 199 173 171 15 112 97 101
Y2015M06D24h12m35s44_5.jpeg 6 30 4 3 4 7 92 87 112 30 231 229 237 12 161 158 168 8 200 173 176 11 115 102 107
Y2015M06D24h12m35s44_6.jpeg 6 19 4 4 5 10 82 73 88 32 227 226 234 21 165 164 175 10 118 104 109 6 168 145 146
Y2015M06D24h12m35s44_7.jpeg 5 16 7 6 7 50 230 228 235 7 73 74 101 13 127 115 121 11 162 160 176
Y2015M06D24h12m35s44_8.jpeg 5 21 4 3 4 20 198 181 184 17 91 88 103 35 235 230 235 5 137 138 163
Y2015M06D24h12m35s44_9.jpeg 5 25 4 4 5 10 103 97 108 43 231 229 235 8 165 165 178 11 181 158 160
Y2015M06D24h17m59s30_1.jpeg 4 7 11 22 52 77 63 64 83 9 155 159 179 6 101 95 107
Y2015M06D24h17m59s30_10.jpeg 4 15 8 8 14 6 144 141 153 45 57 56 75 31 204 200 206
Y2015M06D24h17m59s30_2.jpeg 4 16 14 10 23 32 202 195 202 40 61 60 79 10 129 125 136
Y2015M06D24h17m59s30_3.jpeg 4 13 13 11 26 27 203 194 207 51 55 55 77 7 120 113 128
Y2015M06D24h17m59s30_4.jpeg 5 10 13 10 24 6 143 160 197 68 58 58 77 5 199 192 205 8 118 117 129
Y2015M06D24h17m59s30_5.jpeg 4 15 12 11 24 15 208 201 215 60 58 57 73 8 133 130 144
Y2015M06D24h17m59s30_6.jpeg 4 9 16 11 26 16 202 194 206 64 58 60 80 8 126 114 126
Y2015M06D24h17m59s30_7.jpeg 4 10 10 10 23 12 193 186 200 72 56 59 78 4 121 118 135
Y2015M06D24h17m59s30_8.jpeg 4 17 8 7 13 29 196 192 199 43 57 58 79 9 110 106 117
Y2015M06D24h17m59s30_9.jpeg 4 17 10 10 20 30 203 197 207 43 61 62 82 8 134 131 141
Y2015M06D29h18m06s13_1.jpeg 5 20 4 7 10 12 59 67 81 22 191 200 214 36 99 109 119 6 137 140 123
Y2015M06D29h18m06s13_2.jpeg 5 14 3 6 11 20 202 215 226 13 49 59 71 40 91 103 113 10 142 154 164
Y2015M06D29h18m06s13_3.jpeg 4 27 3 6 10 12 70 81 92 27 196 206 218 32 113 124 136
Y2015M06D29h18m06s13_4.jpeg 5 4 4 8 14 12 151 162 174 13 58 67 83 56 95 102 109 13 201 211 225
Y2015M06D29h18m06s13_5.jpeg 5 13 3 5 8 11 57 66 80 23 196 204 219 45 101 113 123 6 133 130 113
Y2015M06D29h18m06s13_6.jpeg 4 21 3 4 7 9 61 70 86 23 199 208 222 45 103 111 121
Y2015M06D29h18m06s13_7.jpeg 4 12 4 7 9 13 67 75 87 17 184 194 208 55 105 116 120
Y2015M06D29h18m06s13_8.jpeg 5 29 3 5 7 13 60 67 77 8 191 202 214 35 100 108 116 12 139 148 157
Y2015M06D29h18m34s24_1.jpeg 4 19 3 9 24 12 120 131 150 40 41 49 73 27 177 187 205
Y2015M06D29h18m34s24_10.jpeg 4 8 3 11 24 5 108 120 132 79 31 43 61 6 166 181 190
Y2015M06D29h18m34s24_2.jpeg 4 9 4 9 28 6 113 123 140 79 36 46 67 4 186 196 214
Y2015M06D29h18m34s24_3.jpeg 4 19 3 7 18 7 118 129 145 54 36 46 67 17 176 187 200
Y2015M06D29h18m34s24_4.jpeg 4 13 4 10 26 7 102 113 130 64 36 48 69 14 164 178 191
Y2015M06D29h18m34s24_5.jpeg 4 8 4 12 28 8 176 189 202 78 39 53 71 4 91 104 121
Y2015M06D29h18m34s24_6.jpeg 4 11 4 12 28 4 114 127 139 71 33 44 64 12 173 187 199
Y2015M06D29h18m34s24_7.jpeg 4 22 3 5 12 4 117 129 144 56 30 41 58 17 173 187 198
Y2015M06D29h18m34s24_8.jpeg 4 11 4 11 23 3 110 121 133 76 32 42 63 7 177 189 199
Y2015M06D29h18m34s24_9.jpeg 4 19 2 7 15 16 167 183 191 57 31 44 64 6 81 94 108
