Y2015M04D28h05m43s02_1.jpeg 4 10 12 11 10 10 118 120 132 73 69 73 90 5 179 181 190 0 0 0 0 0 0 0 0 0 0 0 0 0 0 0 0
Y2015M04D28h05m43s02_10.jpeg 5 2 12 8 13 4 166 173 181 68 67 74 91 13 104 111 122 10 39 44 55
Y2015M04D28h05m43s02_2.jpeg 3 2 5 1 3 85 75 82 93 12 40 42 48
Y2015M04D28h05m43s02_3.jpeg 4 56 69 76 96 6 207 198 199 7 46 45 51 29 103 105 112
Y2015M04D28h05m43s02_4.jpeg 4 6 5 6 12 41 165 167 180 40 91 96 116 11 45 45 54
Y2015M04D28h05m43s02_5.jpeg 3 5 13 21 29 82 77 84 101 12 81 69 72
Y2015M04D28h05m43s02_6.jpeg 5 64 63 69 86 6 198 193 192 4 51 41 35 14 117 119 131 10 90 84 85
Y2015M04D28h05m43s02_7.jpeg 4 14 12 15 22 11 190 191 194 66 74 77 90 7 113 116 122
Y2015M04D28h05m43s02_8.jpeg 4 65 58 62 83 23 101 101 116 2 8 0 0 8 31 29 37
Y2015M04D28h05m43s02_9.jpeg 3 11 17 19 26 84 72 79 94 3 143 140 150
Y2015M04D28h06m03s18_1.jpeg 3 17 16 10 16 77 72 63 73 4 200 194 199
Y2015M04D28h06m03s18_2.jpeg 4 18 18 12 20 8 196 191 197 68 65 59 67 4 136 129 138
Y2015M04D28h06m03s18_3.jpeg 4 17 13 7 12 14 200 190 197 62 61 52 61 5 133 123 130
Y2015M04D28h06m04s36_1.jpeg 5 13 9 7 16 39 133 147 178 17 191 187 194 23 44 43 57 6 96 97 106
Y2015M04D28h06m04s36_2.jpeg 4 37 8 8 8 27 194 190 193 26 38 41 42 7 103 101 104
Y2015M04D28h06m04s36_3.jpeg 5 14 7 7 11 23 80 78 90 5 130 126 137 50 39 39 47 5 184 183 187
Y2015M04D28h06m04s36_4.jpeg 4 83 39 39 54 7 94 101 126 5 105 101 108 2 155 158 177
Y2015M04D28h06m04s36_5.jpeg 6 41 4 2 5 11 154 171 206 7 99 90 105 18 48 38 50 11 181 173 177 9 130 108 109
Y2015M04D28h06m04s36_6.jpeg 3 11 10 11 22 27 128 132 158 60 52 53 67
Y2015M04D28h06m04s36_7.jpeg 5 11 11 14 30 12 111 122 145 69 43 44 58 3 121 113 119 2 184 179 186
Y2015M04D28h06m04s36_8.jpeg 4 28 8 7 10 30 203 198 201 33 41 39 46 7 115 112 117
Y2015M04D28h06m04s36_9.jpeg 3 20 6 6 11 12 146 144 151 67 51 51 62
Y2015M04D28h06m06s06_1.jpeg 5 17 12 8 8 18 93 80 81 55 43 37 42 5 155 133 135 2 185 184 184
Y2015M04D28h06m06s06_10.jpeg 5 23 11 4 7 63 43 36 42 3 137 126 129 7 82 70 75 2 194 188 190
Y2015M04D28h06m06s06_2.jpeg 5 25 9 5 4 9 89 82 80 50 39 34 36 9 190 186 182 5 142 138 133
Y2015M04D28h06m06s06_3.jpeg 4 30 12 7 9 54 42 37 40 12 88 82 83 2 166 162 163
Y2015M04D28h06m06s06_4.jpeg 4 21 10 4 6 14 97 86 89 60 37 31 34 3 178 165 169
Y2015M04D28h06m06s06_5.jpeg 3 82 28 23 26 11 96 86 88 5 162 152 153
Y2015M04D28h06m06s06_6.jpeg 4 24 13 7 6 63 43 38 40 8 106 101 98 4 161 157 153
Y2015M04D28h06m06s06_7.jpeg 4 25 12 5 8 60 42 33 38 2 173 166 168 10 81 71 76
Y2015M04D28h06m06s06_8.jpeg 4 24 15 7 8 65 45 38 38 2 167 157 156 7 98 82 84
Y2015M04D28h06m06s06_9.jpeg 4 29 13 7 7 59 45 38 41 3 167 161 158 7 93 81 80
Y2015M04D29h04m23s27_1.jpeg 4 16 9 6 12 47 48 46 56 8 148 146 156 27 91 83 90
Y2015M04D29h04m23s27_10.jpeg 4 30 6 4 5 7 192 187 189 55 42 40 48 6 118 111 116
Y2015M04D29h04m23s27_2.jpeg 4 12 10 6 9 7 154 149 152 64 54 53 60 16 93 86 89
Y2015M04D29h04m23s27_3.jpeg 4 40 11 8 10 13 153 150 157 43 54 52 57 3 211 206 209
Y2015M04D29h04m23s27_4.jpeg 4 25 9 6 8 12 177 175 177 49 45 43 49 11 96 92 95
Y2015M04D29h04m23s27_5.jpeg 4 27 14 9 14 9 170 162 169 46 52 49 61 16 98 92 99
Y2015M04D29h04m23s27_6.jpeg 5 30 9 5 9 5 156 150 157 51 43 39 46 9 91 81 90 3 215 203 206
Y2015M04D29h04m23s27_7.jpeg 5 37 8 5 8 7 216 208 208 39 48 45 55 8 102 88 94 7 151 142 149
Y2015M04D29h04m23s27_8.jpeg 5 26 11 5 9 11 168 161 169 44 42 38 47 13 83 78 86 4 220 213 214
Y2015M04D29h04m23s27_9.jpeg 5 29 12 6 7 7 164 155 160 47 48 43 49 9 102 95 99 6 214 210 210
Y2015M04D29h05m39s56_1.jpeg 3 11 3 5 12 28 171 175 191 60 92 99 115
Y2015M04D29h05m39s56_2.jpeg 4 3 6 6 17 17 192 190 202 59 104 109 132 19 52 55 70
Y2015M04D29h05m39s56_3.jpeg 3 27 4 4 7 31 96 100 121 41 145 151 166
Y2015M04D29h05m39s56_4.jpeg 3 4 8 10 20 6 177 186 198 89 106 110 130
Y2015M04D29h05m39s56_5.jpeg 3 11 7 6 16 73 100 104 124 14 170 169 183
Y2015M04D29h05m39s56_6.jpeg 4 17 3 4 9 16 89 94 114 50 123 131 144 15 174 179 189
Y2015M04D29h05m39s56_7.jpeg 3 19 5 6 9 66 134 140 158 13 184 188 204
Y2015M04D29h05m39s56_8.jpeg 4 25 6 7 14 48 88 91 109 20 131 134 152 6 181 184 198
Y2015M04D29h05m40s23_1.jpeg 3 75 2 2 3 17 51 52 61 6 126 126 137
Y2015M04D29h05m40s23_10.jpeg 4 18 6 5 10 14 187 185 190 60 49 46 57 7 92 90 97
Y2015M04D29h05m40s23_2.jpeg 4 37 11 8 18 10 104 100 111 36 48 46 58 15 156 151 167
Y2015M04D29h05m40s23_3.jpeg 4 8 23 16 32 11 107 99 113 77 52 50 64 2 175 164 180
Y2015M04D29h05m40s23_4.jpeg 3 14 15 16 26 21 128 127 139 64 59 57 70
Y2015M04D29h05m40s23_5.jpeg 4 11 16 12 23 8 107 102 114 67 57 56 65 13 153 152 162
Y2015M04D29h05m40s23_6.jpeg 4 30 9 8 14 7 100 100 109 48 48 48 58 12 177 176 182
Y2015M04D29h05m40s23_7.jpeg 4 20 6 6 10 69 54 52 65 6 121 119 126 3 183 181 185
Y2015M04D29h05m40s23_8.jpeg 4 28 10 8 13 7 132 129 133 15 202 199 205 48 53 51 60
Y2015M04D29h05m40s23_9.jpeg 4 24 10 9 14 5 191 190 193 64 54 51 65 5 121 114 123
Y2015M04D30h03m37s58_1.jpeg 4 34 4 10 12 9 126 133 137 51 33 42 50 5 188 197 198
Y2015M04D30h03m37s58_10.jpeg 4 72 20 28 37 8 137 144 155 9 59 66 76 9 189 197 207
Y2015M04D30h03m37s58_2.jpeg 4 26 4 11 19 10 103 111 121 43 34 43 52 19 174 183 190
Y2015M04D30h03m37s58_3.jpeg 4 13 3 7 15 8 94 99 113 68 32 40 49 9 171 177 189
Y2015M04D30h03m37s58_4.jpeg 4 24 4 8 15 10 93 100 110 44 33 39 50 19 171 179 190
Y2015M04D30h03m37s58_5.jpeg 3 67 15 24 29 8 100 109 119 23 166 174 185
Y2015M04D30h03m37s58_6.jpeg 4 17 2 5 16 8 102 105 122 54 31 37 49 20 172 177 192
Y2015M04D30h03m37s58_7.jpeg 4 15 8 9 21 11 170 169 186 64 36 41 53 9 81 81 98
Y2015M04D30h03m37s58_8.jpeg 4 20 3 6 20 6 96 101 119 49 30 34 50 22 170 177 191
Y2015M04D30h03m37s58_9.jpeg 4 22 5 9 17 7 170 176 191 57 31 38 53 11 88 90 107
Y2015M04D30h04m06s21_1.jpeg 3 83 16 23 37 12 80 86 106 3 156 153 166
Y2015M04D30h04m06s21_10.jpeg 6 22 2 4 10 4 67 84 119 58 22 25 43 7 176 187 199 4 66 72 89 3 121 127 141
Y2015M04D30h04m06s21_2.jpeg 4 78 16 21 39 6 123 126 145 8 175 184 199 6 56 60 78
Y2015M04D30h04m06s21_3.jpeg 4 26 3 5 11 4 92 99 115 58 21 26 44 10 170 181 195
Y2015M04D30h04m06s21_4.jpeg 5 31 2 3 8 3 131 138 153 47 20 24 44 7 63 75 95 10 175 186 198
Y2015M04D30h04m06s21_5.jpeg 5 76 14 18 34 7 67 92 131 6 172 182 195 3 111 119 135 5 49 59 82
Y2015M04D30h04m06s21_6.jpeg 4 74 17 21 39 10 67 91 126 9 166 178 193 5 97 102 118
Y2015M04D30h04m06s21_7.jpeg 5 75 16 20 36 8 63 83 120 3 135 139 154 7 83 86 104 4 179 188 205
Y2015M04D30h04m06s21_8.jpeg 3 96 20 25 41 1 82 86 98 1 153 161 174
Y2015M04D30h04m06s21_9.jpeg 4 80 18 23 40 8 177 186 197 5 74 76 90 5 132 130 148
Y2015M04D30h05m24s42_1.jpeg 4 33 11 5 5 9 195 195 194 53 52 39 41 3 98 93 92
Y2015M04D30h05m24s42_10.jpeg 4 17 11 4 4 2 121 109 110 73 50 32 40 6 212 206 204
Y2015M04D30h05m24s42_2.jpeg 4 28 9 4 3 5 144 138 135 57 55 42 47 8 215 211 208
Y2015M04D30h05m24s42_3.jpeg 5 32 13 6 7 6 162 155 157 50 56 43 47 6 216 212 212 3 96 85 89
Y2015M04D30h05m24s42_4.jpeg 5 25 11 3 4 4 111 102 100 57 54 40 43 10 216 211 208 3 169 160 158
Y2015M04D30h05m24s42_5.jpeg 4 23 10 4 6 67 55 41 47 6 210 203 206 2 118 111 114
Y2015M04D30h05m24s42_6.jpeg 4 19 16 7 10 4 154 143 143 69 53 34 45 6 218 211 210
Y2015M04D30h05m24s42_7.jpeg 4 29 7 3 3 7 211 201 203 60 49 33 41 2 129 121 122
Y2015M04D30h05m24s42_8.jpeg 5 22 9 3 4 4 166 160 160 61 49 32 40 7 217 212 213 2 75 68 68
Y2015M04D30h05m24s42_9.jpeg 2 97 39 24 29 2 103 96 97
Y2015M04D30h12m04s09_1.jpeg 4 10 13 8 7 14 130 122 123 39 73 65 68 35 194 188 192
Y2015M04D30h12m04s09_2.jpeg 3 20 8 7 7 26 195 190 193 53 75 71 72
Y2015M04D30h12m04s09_3.jpeg 4 5 39 30 30 51 191 187 193 37 75 65 68 5 118 116 116
Y2015M04D30h12m04s09_4.jpeg 4 15 11 9 7 32 199 193 200 40 65 58 55 11 116 111 111
Y2015M04D30h12m04s09_5.jpeg 4 10 51 43 45 8 156 148 154 39 86 78 80 41 206 198 206
Y2015M04D30h12m04s09_6.jpeg 4 8 22 16 14 29 205 199 202 45 72 65 66 16 128 119 118
Y2015M04D30h12m04s09_7.jpeg 3 8 13 8 9 50 196 188 195 40 82 74 75
Y2015M04D30h12m04s09_8.jpeg 4 11 15 8 8 9 148 139 141 51 76 66 68 27 203 195 204
Y2015M04D30h12m04s09_9.jpeg 5 6 16 9 9 19 195 186 196 52 66 54 54 14 119 108 110 7 240 233 231
Y2015M04D30h12m12s38_1.jpeg 5 9 15 10 10 34 241 242 245 19 63 58 62 22 115 116 122 15 168 174 180
Y2015M04D30h12m12s38_2.jpeg 5 10 4 3 3 10 187 190 199 5 54 53 56 52 243 246 246 20 109 108 114
Y2015M04D30h12m12s38_3.jpeg 5 7 8 4 7 37 242 244 246 8 67 60 66 21 177 176 185 25 109 105 111
Y2015M04D30h12m12s38_4.jpeg 4 10 8 7 8 5 181 183 183 20 96 94 97 64 247 249 249
Y2015M04D30h12m12s38_5.jpeg 4 69 245 247 250 13 179 185 195 12 116 109 129 3 75 70 86
Y2015M05D06h03m18s49_1.jpeg 4 7 11 9 33 6 114 113 137 64 44 44 65 20 180 182 213
Y2015M05D06h03m18s49_10.jpeg 4 26 7 7 13 7 131 126 137 52 39 40 54 13 196 193 206
Y2015M05D06h03m18s49_2.jpeg 5 10 17 12 28 7 93 85 102 60 45 45 67 12 162 149 161 9 122 99 99
Y2015M05D06h03m18s49_3.jpeg 5 5 12 10 27 16 157 155 182 7 202 201 211 10 103 101 117 59 41 42 62
Y2015M05D06h03m18s49_4.jpeg 4 70 36 38 55 8 104 102 132 5 166 165 201 15 197 194 213
Y2015M05D06h03m18s49_5.jpeg 5 15 6 6 20 4 134 136 158 67 38 40 56 4 81 83 103 7 192 193 211
Y2015M05D06h03m18s49_6.jpeg 3 6 11 9 23 91 40 41 60 2 130 123 145
Y2015M05D06h03m18s49_7.jpeg 4 8 7 5 18 4 118 107 127 77 45 46 65 9 164 161 178
Y2015M05D06h03m18s49_8.jpeg 5 10 8 7 22 76 41 43 59 9 82 80 100 2 134 131 153 1 188 187 193
Y2015M05D06h03m18s49_9.jpeg 5 27 8 7 11 14 113 93 99 29 46 48 69 18 54 43 46 10 168 152 164
Y2015M05D06h09m23s16_1.jpeg 3 75 18 17 25 17 56 54 63 6 106 103 114
Y2015M05D06h09m23s16_2.jpeg 2 74 22 22 30 25 81 79 87
Y2015M05D06h09m23s16_3.jpeg 3 75 17 16 24 19 80 78 88 4 133 130 140
Y2015M05D06h09m23s16_4.jpeg 3 70 23 21 31 26 76 73 84 2 155 153 164
Y2015M05D07h04m11s44_1.jpeg 4 16 9 8 12 6 104 104 109 74 40 37 43 2 187 184 187
Y2015M05D07h05m39s29_1.jpeg 4 27 5 11 24 17 71 76 99 28 180 190 208 25 132 139 161
Y2015M05D07h05m39s29_10.jpeg 4 14 3 5 13 17 100 106 132 59 158 177 207 7 27 39 59
Y2015M05D07h05m39s29_2.jpeg 3 25 13 24 36 19 82 91 113 54 155 174 204
Y2015M05D07h05m39s29_3.jpeg 4 27 6 11 27 27 122 128 156 27 178 190 218 18 58 62 88
Y2015M05D07h05m39s29_4.jpeg 4 32 5 11 26 25 58 67 88 33 136 150 177 9 177 186 200
Y2015M05D07h05m39s29_5.jpeg 4 5 4 9 16 41 131 134 160 29 81 81 109 23 182 192 225
Y2015M05D07h05m39s29_6.jpeg 4 8 60 60 87 21 182 198 239 45 106 106 132 24 148 152 182
Y2015M05D07h05m39s29_7.jpeg 4 17 4 10 26 9 44 50 74 48 157 170 196 24 101 104 128
Y2015M05D07h05m39s29_8.jpeg 4 21 3 6 13 8 73 84 111 45 172 194 225 24 140 145 164
Y2015M05D07h05m39s29_9.jpeg 4 33 4 7 17 21 108 116 134 31 166 181 206 14 45 52 71
Y2015M05D07h10m50s24_1.jpeg 5 15 14 3 7 28 164 145 153 11 53 38 50 30 215 193 201 14 102 85 95
Y2015M05D07h10m50s24_10.jpeg 5 13 23 4 6 22 167 149 149 33 58 41 46 22 223 199 202 7 100 81 82
Y2015M05D07h10m50s24_2.jpeg 6 5 22 9 24 21 153 153 184 13 213 211 236 22 84 71 90 14 162 141 159 21 221 196 212
Y2015M05D07h10m50s24_3.jpeg 6 8 19 7 18 30 180 180 216 22 72 65 79 9 115 119 159 18 215 200 213 10 132 117 140
Y2015M05D07h10m50s24_4.jpeg 3 33 90 71 75 55 242 218 227 11 165 142 150
Y2015M05D07h10m50s24_5.jpeg 4 18 7 4 7 31 193 173 177 34 73 65 74 14 123 109 116
Y2015M05D07h10m50s24_6.jpeg 4 8 11 8 13 25 83 84 110 10 143 133 140 55 63 58 66
Y2015M05D07h10m50s24_7.jpeg 3 13 24 8 16 39 137 120 127 46 77 61 72
Y2015M05D07h10m50s24_8.jpeg 4 16 21 7 15 43 112 97 100 14 172 148 153 24 67 53 61
Y2015M05D07h10m50s24_9.jpeg 4 12 32 11 19 38 122 101 107 34 74 57 68 14 178 150 158
Y2015M05D08h06m00s16_1.jpeg 4 16 4 23 26 7 184 205 210 63 43 77 71 12 104 133 135
Y2015M05D08h06m00s16_10.jpeg 5 16 1 7 11 16 24 49 58 6 124 147 155 46 53 89 83 14 178 197 207
Y2015M05D08h06m00s16_2.jpeg 4 27 18 38 52 60 49 92 77 7 94 117 127 3 172 193 209
Y2015M05D08h06m00s16_3.jpeg 5 21 1 7 9 8 109 143 138 13 21 44 44 43 45 82 74 14 179 202 204
Y2015M05D08h06m00s16_4.jpeg 5 18 8 41 35 13 110 144 142 11 58 84 91 50 45 86 73 6 179 206 211
Y2015M05D08h06m00s16_5.jpeg 4 20 11 35 39 10 115 141 142 50 47 82 76 18 180 202 209
Y2015M05D08h06m00s16_6.jpeg 4 16 1 6 12 28 175 194 199 13 12 42 43 41 56 91 86
Y2015M05D08h06m00s16_7.jpeg 3 11 6 28 33 15 144 171 170 73 50 83 81
Y2015M05D08h06m00s16_8.jpeg 4 3 5 15 27 65 53 93 76 6 144 164 167 24 32 50 63
Y2015M05D08h06m00s16_9.jpeg 3 17 3 9 5 74 46 87 74 7 146 177 172
Y2015M05D11h04m24s03_1.jpeg 5 12 5 6 16 21 132 132 175 15 208 223 240 20 67 62 100 30 172 184 231
Y2015M05D11h04m24s03_10.jpeg 4 4 7 8 22 49 166 180 222 26 150 145 168 19 78 68 89
Y2015M05D11h04m24s03_2.jpeg 5 1 5 8 21 46 156 170 220 21 189 203 236 20 140 140 176 9 84 82 114
Y2015M05D11h04m24s03_3.jpeg 5 2 4 4 10 65 157 165 210 11 98 95 135 16 198 210 239 3 92 92 109
Y2015M05D11h04m24s03_4.jpeg 5 5 4 6 14 50 173 185 229 15 94 89 119 16 153 150 178 12 214 229 246
Y2015M05D11h04m24s03_5.jpeg 5 14 92 86 117 5 113 123 177 49 165 180 226 21 139 138 169 9 206 222 248
Y2015M05D11h04m24s03_6.jpeg 5 2 5 7 26 49 165 178 226 12 206 220 242 24 140 135 163 11 86 75 104
Y2015M05D11h04m24s03_7.jpeg 6 1 3 4 23 4 115 119 187 15 192 209 245 24 143 142 173 40 158 170 221 14 87 82 108
Y2015M05D11h04m24s03_8.jpeg 5 33 3 3 7 28 156 169 216 15 193 206 231 8 89 79 108 13 139 133 164
Y2015M05D11h04m24s03_9.jpeg 6 23 4 6 12 11 69 65 89 13 120 115 143 27 163 175 224 8 206 218 235 15 164 164 189
Y2015M05D11h04m51s39_1.jpeg 4 21 11 4 35 20 113 105 140 35 175 173 208 23 46 37 72
Y2015M05D11h04m51s39_2.jpeg 4 16 17 6 37 37 136 140 175 32 59 42 75 13 185 188 227
Y2015M05D11h04m51s39_3.jpeg 5 19 20 4 35 15 119 116 148 28 151 162 200 27 60 37 70 9 199 203 235
Y2015M05D11h04m51s39_4.jpeg 6 21 20 4 26 8 153 153 190 9 78 69 104 6 32 20 56 21 207 210 245 32 62 37 61
Y2015M05D11h04m51s39_5.jpeg 5 14 20 4 36 40 150 156 191 25 61 31 67 10 198 203 235 8 94 87 120
Y2015M05D11h04m51s39_6.jpeg 5 13 20 5 32 32 115 96 113 6 102 97 131 32 64 32 64 15 158 153 181
Y2015M05D11h04m51s39_7.jpeg 5 12 18 7 36 19 167 172 211 38 70 48 81 11 207 211 239 18 128 124 153
Y2015M05D11h04m51s39_8.jpeg 6 13 20 7 32 16 121 114 146 34 72 49 80 17 173 178 217 8 216 214 241 10 166 154 174
Y2015M05D11h05m59s49_1.jpeg 5 9 6 10 36 17 140 139 165 32 79 86 117 17 185 205 234 23 41 44 72
Y2015M05D11h05m59s49_10.jpeg 3 7 61 75 106 75 181 203 240 16 125 134 162
Y2015M05D11h05m59s49_2.jpeg 5 10 20 20 54 22 182 201 231 41 67 77 112 9 104 95 117 14 143 143 175
Y2015M05D11h05m59s49_3.jpeg 7 18 5 17 51 16 172 195 234 25 54 69 104 11 199 228 250 7 117 134 160 11 3 5 15 9 169 178 198
Y2015M05D11h05m59s49_4.jpeg 6 44 3 5 8 9 21 36 61 19 150 176 212 10 179 192 206 12 59 77 112 2 86 99 116
Y2015M05D11h05m59s49_5.jpeg 3 7 15 31 61 23 142 141 170 69 68 83 120
Y2015M05D11h05m59s49_6.jpeg 7 5 8 25 62 5 59 79 113 21 214 239 250 43 186 209 236 11 134 157 190 5 135 146 160 7 1 6 24
Y2015M05D11h05m59s49_7.jpeg 4 12 3 7 19 2 50 68 103 76 168 191 224 9 118 136 167
Y2015M05D11h05m59s49_8.jpeg 5 21 25 27 51 19 150 149 171 23 68 81 114 17 185 205 235 16 101 97 118
Y2015M05D11h05m59s49_9.jpeg 4 10 5 7 23 2 64 78 108 79 191 216 241 7 128 144 172
Y2015M05D11h12m15s40_1.jpeg 7 8 20 4 2 27 193 170 167 8 122 95 96 31 244 218 215 10 132 71 77 8 65 20 22 5 191 144 147
Y2015M05D11h12m15s40_10.jpeg 7 6 80 18 24 7 106 79 82 6 186 71 105 18 243 209 208 14 194 147 150 39 136 64 79 6 151 146 153
Y2015M05D11h12m15s40_2.jpeg 3 22 117 52 62 72 240 207 207 4 164 108 107
Y2015M05D11h12m15s40_3.jpeg 5 9 12 2 3 20 187 154 153 3 98 90 96 17 123 67 73 48 244 215 214
Y2015M05D11h12m15s40_4.jpeg 5 1 27 0 1 42 240 213 206 25 179 152 146 18 114 78 76 10 94 40 46
Y2015M05D11h12m15s40_5.jpeg 4 6 40 7 8 49 237 205 206 30 114 70 72 14 172 137 137
Y2015M05D11h12m15s40_6.jpeg 5 8 71 41 38 16 184 154 152 21 122 91 89 41 239 209 206 11 134 76 81
Y2015M05D11h12m15s40_7.jpeg 4 35 114 63 71 13 182 138 140 41 240 203 204 9 152 78 91
Y2015M05D11h12m15s40_8.jpeg 6 4 21 3 4 6 158 118 121 8 85 47 53 37 245 218 214 23 205 169 167 19 136 72 82
Y2015M05D11h12m15s40_9.jpeg 4 8 13 1 1 39 243 222 217 36 124 73 81 15 178 140 140
Y2015M05D11h12m21s33_1.jpeg 6 11 7 6 7 25 119 120 136 11 75 82 102 9 229 228 226 32 180 182 202 8 58 52 56
Y2015M05D11h12m21s33_10.jpeg 7 25 5 5 6 11 74 74 85 4 135 138 170 20 225 226 229 15 164 168 176 11 195 199 225 9 115 118 130
Y2015M05D11h12m21s33_2.jpeg 6 9 23 20 26 37 170 173 203 25 83 91 119 13 235 231 228 6 113 94 104 7 155 145 144
Y2015M05D11h12m21s33_3.jpeg 5 4 9 11 9 10 174 176 210 24 218 218 223 22 97 99 111 38 157 160 171
Y2015M05D11h12m21s33_4.jpeg 7 5 2 2 2 19 197 206 226 12 87 95 115 24 233 231 232 19 137 144 163 13 170 167 170 5 67 53 61
Y2015M05D11h12m21s33_5.jpeg 6 2 4 3 6 27 145 150 167 19 190 203 231 21 95 97 115 18 214 216 222 10 51 49 58
Y2015M05D11h12m21s33_6.jpeg 6 5 19 19 24 13 114 122 144 15 176 183 214 23 153 156 166 15 70 74 87 25 210 213 223
Y2015M05D11h12m21s33_7.jpeg 5 13 4 3 5 48 177 180 196 21 38 35 46 10 92 92 109 5 223 222 220
Y2015M05D11h12m21s33_8.jpeg 5 2 9 14 15 42 152 157 176 23 200 206 226 24 87 93 113 7 212 205 201
Y2015M05D11h12m21s33_9.jpeg 4 14 4 5 6 16 92 91 100 29 229 230 230 39 156 158 174
Y2015M05D12h05m50s23_1.jpeg 5 21 7 6 7 5 157 150 152 55 51 44 51 10 104 97 102 7 202 200 200
Y2015M05D12h05m50s23_10.jpeg 4 5 17 12 17 64 57 53 61 22 122 113 122 7 173 165 172
Y2015M05D12h05m50s23_2.jpeg 4 48 6 5 6 8 119 114 119 27 56 52 57 15 196 194 196
Y2015M05D12h05m50s23_3.jpeg 3 7 25 15 20 73 78 70 79 19 138 119 127
Y2015M05D12h05m50s23_4.jpeg 4 13 8 6 6 36 107 95 98 37 57 50 53 11 152 141 145
Y2015M05D12h05m50s23_5.jpeg 4 12 8 7 8 20 120 113 117 61 53 51 56 6 200 194 199
Y2015M05D12h05m50s23_6.jpeg 4 18 9 5 5 40 123 113 118 37 54 49 54 3 194 193 196
Y2015M05D12h05m50s23_7.jpeg 4 3 12 6 10 25 94 88 95 20 145 135 139 51 52 49 58
Y2015M05D12h05m50s23_8.jpeg 3 39 52 48 57 48 105 93 101 12 154 138 146
Y2015M05D12h05m50s23_9.jpeg 4 27 8 6 7 11 136 125 127 51 55 51 57 9 201 199 201
Y2015M05D12h09m27s05_1.jpeg 4 12 5 6 11 9 69 72 78 54 30 33 40 22 123 123 128
Y2015M05D12h09m27s05_10.jpeg 3 22 10 12 15 74 44 46 55 3 122 122 126
Y2015M05D12h09m27s05_2.jpeg 2 96 30 31 38 3 97 98 103
Y2015M05D12h09m27s05_3.jpeg 3 64 25 23 30 27 73 67 74 7 116 108 116
Y2015M05D12h09m27s05_4.jpeg 2 92 27 31 36 7 121 118 128
Y2015M05D12h09m27s05_5.jpeg 4 11 7 6 12 8 87 85 94 59 39 40 51 20 136 132 142
Y2015M05D12h09m27s05_6.jpeg 3 80 24 25 31 5 76 75 81 14 137 135 142
Y2015M05D12h09m27s05_7.jpeg 4 22 3 5 7 8 134 137 142 63 31 32 40 5 70 72 78
Y2015M05D12h09m27s05_8.jpeg 4 17 4 3 6 4 86 84 92 62 28 27 35 15 135 133 141
Y2015M05D12h09m27s05_9.jpeg 3 73 36 36 47 7 91 88 98 19 140 137 146
Y2015M05D13h03m55s12_1.jpeg 4 21 10 5 9 25 114 101 111 27 220 209 222 25 166 151 161
Y2015M05D13h04m11s09_1.jpeg 5 14 12 6 4 23 224 214 208 33 53 47 46 17 113 98 96 11 165 150 147
Y2015M05D13h04m11s09_10.jpeg 4 11 13 6 4 26 219 204 198 29 68 57 56 32 130 112 106
Y2015M05D13h04m11s09_2.jpeg 5 9 22 13 12 11 188 172 168 8 123 109 107 30 233 221 216 39 58 52 55
Y2015M05D13h04m11s09_3.jpeg 4 14 19 8 6 17 137 119 117 46 62 56 55 21 198 178 176
Y2015M05D13h04m11s09_4.jpeg 4 19 15 8 5 19 141 123 117 28 64 57 57 32 209 195 190
Y2015M05D13h04m11s09_5.jpeg 4 9 16 12 10 21 145 130 124 31 67 60 59 36 223 211 204
Y2015M05D13h04m11s09_6.jpeg 4 15 18 6 7 14 130 108 106 44 54 50 51 25 208 187 185
Y2015M05D13h04m11s09_7.jpeg 5 17 16 6 6 15 133 112 111 43 59 55 57 6 222 213 210 16 202 174 172
Y2015M05D13h04m11s09_8.jpeg 4 9 8 5 5 13 125 105 99 42 65 59 63 34 198 178 172
Y2015M05D13h04m11s09_9.jpeg 4 14 14 6 4 26 185 163 157 48 66 56 58 10 114 97 92
Y2015M05D13h05m01s20_1.jpeg 4 18 15 7 9 33 146 128 129 32 77 63 67 15 209 200 200
Y2015M05D13h05m01s20_2.jpeg 4 9 29 17 23 47 137 118 117 23 71 57 59 20 192 179 178
Y2015M05D13h05m01s20_3.jpeg 3 17 11 5 13 45 54 47 56 36 109 103 112
Y2015M05D13h05m01s20_4.jpeg 4 10 15 6 9 23 211 197 196 33 75 60 63 32 132 114 113
Y2015M05D13h05m01s20_5.jpeg 4 30 22 14 21 7 200 184 185 37 71 63 69 24 127 112 113
Y2015M05D13h05m01s20_6.jpeg 4 15 13 6 9 36 121 99 99 20 200 187 188 26 62 49 54
Y2015M05D13h05m01s20_7.jpeg 4 7 23 10 15 60 145 115 115 27 75 58 65 4 185 172 173
Y2015M05D13h05m22s23_1.jpeg 4 10 14 5 14 9 56 38 59 59 174 165 185 20 121 105 119
Y2015M05D13h05m22s23_10.jpeg 4 13 16 6 13 8 78 64 68 54 178 160 166 23 130 112 117
Y2015M05D13h05m22s23_2.jpeg 5 17 9 3 8 36 163 154 170 22 97 84 91 10 211 203 211 12 46 33 47
Y2015M05D13h05m22s23_3.jpeg 5 43 4 2 3 10 107 92 99 29 165 151 158 11 213 209 212 4 38 26 36
Y2015M05D13h05m22s23_4.jpeg 3 11 14 5 13 71 164 148 162 17 88 72 80
Y2015M05D13h05m22s23_5.jpeg 5 12 9 3 5 7 50 36 48 61 159 146 160 4 208 204 200 14 99 85 89
Y2015M05D13h05m22s23_6.jpeg 4 16 12 5 12 21 112 99 106 44 167 158 175 18 54 43 60
Y2015M05D13h05m22s23_7.jpeg 4 25 11 5 9 12 64 51 56 17 200 189 195 44 125 108 112
Y2015M05D13h05m22s23_8.jpeg 4 10 29 10 23 39 133 112 120 26 173 159 177 22 69 50 65
Y2015M05D13h05m22s23_9.jpeg 4 15 9 4 7 31 201 193 198 15 52 37 42 36 113 98 101
Y2015M05D13h06m36s48_1.jpeg 4 7 12 8 30 18 70 59 84 56 119 102 126 17 163 158 185
Y2015M05D13h06m36s48_2.jpeg 5 11 4 3 6 25 142 136 152 15 46 36 55 25 191 187 197 21 103 82 101
Y2015M05D13h06m36s48_3.jpeg 6 8 13 9 37 30 107 105 136 12 63 61 91 12 167 163 197 16 102 80 104 19 147 126 150
Y2015M05D14h10m22s25_1.jpeg 5 9 18 17 30 5 92 95 123 63 68 64 74 13 179 180 203 8 132 130 140
Y2015M05D14h10m22s25_2.jpeg 4 41 5 5 9 8 189 195 223 39 70 67 78 10 137 139 157
Y2015M05D14h10m22s25_3.jpeg 3 49 3 3 6 36 78 77 87 14 128 129 144
Y2015M05D14h10m22s25_4.jpeg 3 26 5 3 4 58 71 61 65 14 144 142 159
Y2015M05D14h10m22s25_5.jpeg 3 13 7 6 11 48 130 126 149 38 65 56 62
Y2015M05D14h10m22s25_6.jpeg 3 17 5 4 6 13 46 43 67 68 86 82 99
Y2015M05D14h10m22s25_7.jpeg 6 5 4 5 9 13 228 235 247 37 127 135 170 5 83 78 92 27 177 183 210 11 148 143 159
Y2015M05D14h10m22s25_8.jpeg 4 2 26 19 35 8 224 232 246 84 147 153 187 4 85 81 102
Y2015M05D14h10m22s25_9.jpeg 5 7 5 4 13 42 244 241 247 7 60 60 75 28 162 161 179 13 115 111 127
Y2015M05D14h12m39s01_1.jpeg 5 8 14 4 3 7 229 216 217 52 104 80 82 18 158 135 139 12 55 37 33
Y2015M05D14h12m39s01_10.jpeg 7 1 16 8 7 21 215 191 204 14 125 99 119 31 250 241 246 10 115 85 83 13 174 143 154 6 78 52 60
Y2015M05D14h12m39s01_2.jpeg 5 20 7 5 3 31 233 225 225 10 60 53 50 15 163 146 153 21 107 91 96
Y2015M05D14h12m39s01_3.jpeg 5 10 9 6 4 14 246 227 236 12 65 48 46 40 111 86 89 21 180 155 167
Y2015M05D14h12m39s01_4.jpeg 5 6 50 25 29 19 202 184 196 18 155 133 142 37 247 235 239 17 99 75 86
Y2015M05D14h12m39s01_5.jpeg 5 8 22 9 6 16 175 150 157 16 113 87 92 30 240 225 228 29 73 50 49
Y2015M05D14h12m39s01_6.jpeg 5 4 8 1 0 22 196 170 174 12 78 51 51 45 245 231 232 14 137 110 113
Y2015M05D14h12m39s01_7.jpeg 3 27 82 58 70 42 236 225 234 29 151 127 142
Y2015M05D14h12m39s01_8.jpeg 4 15 18 9 7 19 162 139 149 56 87 64 64 8 232 222 228
Y2015M05D14h12m39s01_9.jpeg 4 8 11 4 2 37 246 235 231 23 114 88 95 30 175 150 153
Y2015M05D14h14m55s10_1.jpeg 4 19 7 4 3 18 57 51 46 8 218 207 202 53 113 106 103
Y2015M05D14h14m55s10_2.jpeg 4 6 15 9 13 21 64 57 70 66 107 96 98 5 148 137 140
Y2015M05D14h15m51s53_1.jpeg 5 31 8 6 7 15 100 99 111 26 57 53 58 22 148 145 159 3 197 200 211
Y2015M05D14h15m51s53_10.jpeg 4 10 3 4 11 53 168 179 200 15 45 48 61 20 96 104 118
Y2015M05D14h15m51s53_2.jpeg 5 12 2 3 3 13 116 124 137 8 27 27 33 40 186 193 207 23 75 74 85
Y2015M05D14h15m51s53_3.jpeg 4 5 6 7 14 57 178 185 201 24 105 111 121 11 61 64 73
Y2015M05D14h15m51s53_4.jpeg 3 63 49 50 61 25 120 120 136 11 178 186 202
Y2015M05D14h15m51s53_5.jpeg 5 17 6 6 15 3 139 146 158 13 48 51 63 15 88 94 107 49 190 195 206
Y2015M05D14h15m51s53_6.jpeg 4 15 7 7 13 14 120 124 139 30 61 63 75 38 180 191 211
Y2015M05D14h15m51s53_7.jpeg 3 54 5 3 8 33 176 175 187 11 62 60 70
Y2015M05D14h15m51s53_8.jpeg 4 11 7 7 14 27 113 119 131 42 175 184 201 18 54 55 65
Y2015M05D14h15m51s53_9.jpeg 4 50 4 4 6 21 179 184 194 23 58 57 67 3 120 122 130
Y2015M05D14h16m55s39_1.jpeg 6 12 16 8 19 23 173 173 205 12 83 73 89 11 214 203 216 24 100 58 76 15 144 127 143
Y2015M05D14h16m55s39_10.jpeg 6 10 18 9 26 36 160 159 189 7 82 73 94 14 156 136 147 24 106 66 81 6 213 206 215
Y2015M05D14h16m55s39_2.jpeg 7 23 7 5 18 9 84 81 110 11 149 145 168 10 157 131 136 27 212 209 222 5 56 38 46 11 93 75 78
Y2015M05D14h16m55s39_3.jpeg 6 48 14 8 18 11 150 145 175 10 213 206 212 11 158 136 142 8 68 64 72 9 81 52 59
Y2015M05D14h16m55s39_4.jpeg 6 16 14 7 17 20 150 148 180 8 74 67 87 15 206 204 223 27 102 64 73 11 170 142 152
Y2015M05D14h16m55s39_5.jpeg 5 10 24 10 28 45 173 172 202 7 75 71 98 25 105 64 83 11 154 135 152
Y2015M05D14h16m55s39_6.jpeg 5 9 16 8 26 40 171 173 202 10 77 60 79 23 109 66 82 15 162 142 160
Y2015M05D14h16m55s39_7.jpeg 6 18 16 8 25 21 149 146 178 8 68 59 82 15 153 131 142 22 96 60 70 13 199 194 221
Y2015M05D14h16m55s39_8.jpeg 6 7 19 8 26 33 159 162 192 9 76 73 94 15 204 201 217 10 159 135 149 23 101 62 79
Y2015M05D14h16m55s39_9.jpeg 7 9 20 19 45 19 147 146 177 29 95 59 72 17 192 191 214 13 152 123 134 4 222 212 214 6 22 10 13
Y2015M05D15h12m02s15_1.jpeg 5 12 18 8 7 8 170 159 164 48 73 59 65 20 123 107 110 9 228 214 214
Y2015M05D15h12m02s15_2.jpeg 6 17 11 7 5 31 54 43 41 8 153 144 145 27 96 81 82 7 216 193 193 7 157 121 119
Y2015M05D15h12m02s15_3.jpeg 5 17 17 8 7 25 71 62 63 26 173 163 172 23 118 106 114 7 230 215 232
Y2015M05D15h12m02s15_4.jpeg 4 18 6 2 5 27 193 188 198 15 40 32 38 37 87 77 83
Y2015M05D15h12m02s15_5.jpeg 4 34 8 5 6 49 65 54 59 6 204 198 203 9 119 110 111
Y2015M05D15h12m02s15_6.jpeg 7 64 3 1 2 7 51 37 40 3 162 153 162 10 95 78 80 5 224 182 181 4 144 108 106 4 224 215 223
Y2015M05D15h12m02s15_7.jpeg 4 30 8 4 7 12 141 136 147 36 68 57 65 19 195 194 210
Y2015M05D15h12m02s15_8.jpeg 4 58 4 3 3 21 68 56 60 13 85 47 40 5 173 130 114
Y2015M05D15h17m26s23_1.jpeg 3 27 4 6 11 64 50 56 79 8 146 153 176
Y2015M05D15h17m26s23_2.jpeg 4 43 4 5 14 8 140 164 211 13 158 170 196 34 52 59 85
Y2015M05D15h17m26s23_3.jpeg 4 21 4 7 25 14 101 108 141 58 38 45 80 5 169 178 200
Y2015M05D15h17m26s23_4.jpeg 6 29 5 5 15 7 127 139 174 34 23 30 60 11 167 186 235 8 182 193 221 8 76 85 115
Y2015M05D15h17m26s23_5.jpeg 6 11 5 12 47 5 104 116 157 21 176 188 219 27 3 4 10 30 155 172 221 4 43 52 87
Y2015M05D15h18m13s54_1.jpeg 4 21 5 7 17 18 36 45 81 16 155 161 183 44 96 105 137
Y2015M05D15h18m13s54_10.jpeg 4 16 3 7 17 32 156 172 194 14 32 41 65 36 78 90 116
Y2015M05D15h18m13s54_2.jpeg 4 13 3 7 19 35 174 182 206 16 46 56 77 34 91 102 129
Y2015M05D15h18m13s54_3.jpeg 4 10 1 3 16 50 88 104 142 29 39 54 94 9 156 164 187
Y2015M05D15h18m13s54_4.jpeg 5 16 12 17 34 38 160 172 193 8 45 56 89 31 80 89 109 4 79 97 147
Y2015M05D15h18m13s54_5.jpeg 5 14 3 5 17 9 29 49 91 33 173 181 204 12 92 115 159 29 108 117 143
Y2015M05D15h18m13s54_6.jpeg 4 20 3 9 22 9 123 139 175 38 63 75 102 30 164 178 199
Y2015M05D15h18m13s54_7.jpeg 6 19 1 7 21 12 38 56 105 6 54 65 83 15 156 170 199 32 91 112 156 13 106 120 143
Y2015M05D15h18m13s54_8.jpeg 7 8 3 7 23 4 44 59 106 9 131 154 198 14 77 84 106 20 171 185 210 28 127 135 158 13 87 110 153
Y2015M05D15h18m13s54_9.jpeg 3 22 4 8 20 35 160 172 191 41 72 83 110
Y2015M05D18h12m49s45_1.jpeg 4 24 10 5 4 36 88 69 64 16 215 190 184 22 131 111 106
Y2015M05D18h12m49s45_2.jpeg 5 5 19 12 7 35 246 228 221 7 101 75 68 26 216 181 173 25 158 121 112
Y2015M05D18h13m35s33_1.jpeg 6 9 8 5 7 7 115 91 93 38 161 139 144 12 211 182 175 12 240 234 234 19 200 190 204
Y2015M05D18h13m35s33_10.jpeg 4 34 10 7 7 33 94 77 78 18 176 174 207 13 151 142 151
Y2015M05D18h13m35s33_2.jpeg 5 4 10 4 4 27 180 169 185 44 139 117 114 10 243 238 231 12 77 63 57
Y2015M05D18h13m35s33_3.jpeg 4 5 13 2 7 30 184 178 200 60 140 119 120 4 53 35 39
Y2015M05D18h13m35s33_4.jpeg 4 20 9 7 10 9 95 89 104 51 163 158 177 17 125 108 111
Y2015M05D18h13m35s33_5.jpeg 6 18 10 4 6 30 113 93 94 13 133 127 145 17 165 152 152 11 188 181 206 9 49 35 36
Y2015M05D18h13m35s33_6.jpeg 5 26 14 7 9 26 102 84 85 15 126 121 136 21 162 150 149 9 173 168 191
Y2015M05D18h13m35s33_7.jpeg 4 19 9 6 8 9 56 46 53 52 147 141 154 18 106 92 94
Y2015M05D18h13m35s33_8.jpeg 4 20 9 4 6 24 99 84 85 24 154 145 147 29 40 35 39
Y2015M05D18h13m35s33_9.jpeg 4 22 8 4 5 21 101 85 86 37 41 36 40 18 157 146 147
Y2015M05D18h17m03s42_1.jpeg 4 51 4 4 7 16 56 48 62 14 116 105 120 16 168 163 177
Y2015M05D18h17m03s42_2.jpeg 4 36 5 4 9 19 70 62 78 24 167 158 173 19 121 109 123
Y2015M05D18h17m03s42_3.jpeg 5 26 4 2 5 12 97 109 135 29 150 142 157 15 86 73 88 16 40 30 43
Y2015M05D18h18m07s12_1.jpeg 5 18 5 15 32 28 89 103 118 35 139 152 165 13 42 54 70 3 192 200 212
Y2015M05D18h18m07s12_10.jpeg 5 8 4 7 13 70 148 162 183 4 36 45 62 9 73 87 108 6 188 197 207
Y2015M05D18h18m07s12_2.jpeg 5 26 7 11 18 15 57 71 86 30 159 174 194 21 108 123 143 5 200 201 210
Y2015M05D18h18m07s12_3.jpeg 4 3 1 7 19 83 157 171 190 3 48 56 70 8 88 102 124
Y2015M05D18h18m07s12_4.jpeg 5 15 6 13 34 20 101 111 132 33 144 158 178 22 49 59 79 8 192 203 216
Y2015M05D18h18m07s12_5.jpeg 4 6 7 16 36 9 50 60 80 66 150 164 182 17 103 113 135
Y2015M05D18h18m07s12_6.jpeg 3 5 5 9 24 14 81 91 109 80 153 164 182
Y2015M05D18h18m07s12_7.jpeg 4 3 19 31 56 74 142 155 171 10 209 219 230 11 80 84 101
Y2015M05D18h18m07s12_8.jpeg 4 19 7 12 30 46 124 139 159 16 57 67 88 16 184 192 211
Y2015M05D18h18m07s12_9.jpeg 4 5 4 11 33 14 87 102 125 75 148 165 185 4 37 51 72
Y2015M05D18h18m08s08_1.jpeg 5 10 3 6 14 18 61 67 89 39 139 146 178 26 97 103 139 5 186 196 221
Y2015M05D18h18m08s08_10.jpeg 6 10 11 11 28 25 112 116 152 12 170 174 209 11 131 113 130 27 56 58 85 11 195 193 208
Y2015M05D18h18m08s08_2.jpeg 4 48 126 136 177 26 171 182 224 5 202 212 236 18 79 89 128
Y2015M05D18h18m08s08_3.jpeg 7 7 9 8 21 19 87 91 128 21 133 139 172 17 94 94 108 14 149 147 163 14 51 51 65 4 198 205 234
Y2015M05D18h18m08s08_4.jpeg 4 4 6 6 18 47 99 105 138 37 157 164 196 9 50 52 74
Y2015M05D18h18m08s08_5.jpeg 6 3 1 3 6 31 132 139 172 30 87 93 121 16 153 157 171 12 71 71 77 6 187 200 233
Y2015M05D18h18m08s08_6.jpeg 7 4 7 8 17 17 73 82 115 27 125 134 167 14 93 90 104 14 146 141 155 5 186 201 230 16 46 47 61
Y2015M05D18h18m08s08_7.jpeg 6 10 5 4 8 19 88 94 125 14 198 199 211 41 135 141 169 5 62 60 68 7 108 104 110
Y2015M05D18h18m08s08_8.jpeg 7 7 10 7 24 21 102 106 140 15 124 100 119 16 149 154 190 11 57 61 97 12 181 179 200 15 42 39 57
Y2015M05D18h18m08s08_9.jpeg 7 7 9 7 18 27 107 111 149 14 128 108 122 12 52 55 93 9 200 194 209 12 49 44 58 15 163 167 201
Y2015M05D18h19m32s06_1.jpeg 4 7 7 7 20 16 151 153 176 54 75 84 115 20 43 46 72
Y2015M05D18h19m32s06_10.jpeg 4 20 5 9 23 23 53 64 85 27 185 199 222 28 116 124 148
Y2015M05D18h19m32s06_2.jpeg 4 6 5 8 31 20 143 149 174 56 71 80 112 16 39 44 73
Y2015M05D18h19m32s06_3.jpeg 3 9 10 17 39 24 139 145 169 66 64 73 103
Y2015M05D18h19m32s06_4.jpeg 4 5 5 12 33 62 68 81 111 14 39 44 77 17 143 152 176
Y2015M05D18h19m32s06_5.jpeg 2 8 5 10 32 91 49 61 91
Y2015M05D18h19m32s06_6.jpeg 4 4 2 10 32 16 163 176 207 66 71 90 125 12 43 52 81
Y2015M05D18h19m32s06_7.jpeg 3 8 14 15 35 53 150 155 175 38 83 89 112
Y2015M05D18h19m32s06_8.jpeg 6 17 3 5 8 15 181 196 218 7 48 56 86 6 110 141 183 40 76 92 130 13 132 138 163
Y2015M05D18h19m32s06_9.jpeg 4 25 5 8 21 16 56 64 83 26 181 197 216 30 101 110 128
Y2015M05D19h11m49s02_1.jpeg 5 4 10 4 3 9 135 120 122 45 245 231 230 13 76 61 67 27 195 177 177
Y2015M05D19h11m49s02_2.jpeg 5 6 12 5 5 11 140 125 126 39 237 225 224 19 70 58 61 23 192 176 176
Y2015M05D19h11m49s02_3.jpeg 4 14 9 5 4 18 182 161 161 46 236 222 221 19 76 65 63
Y2015M05D19h11m49s02_4.jpeg 5 7 14 5 6 6 139 131 139 49 232 217 217 19 75 63 68 16 186 163 162
Y2015M05D19h11m49s02_5.jpeg 5 5 52 33 43 52 233 217 219 11 148 147 169 21 167 148 150 9 95 77 84
Y2015M05D19h11m49s02_6.jpeg 4 9 11 6 4 17 144 121 117 55 219 198 199 18 75 58 60
Y2015M05D19h11m49s02_7.jpeg 5 5 14 7 6 15 118 97 98 35 237 216 216 12 69 54 59 30 187 162 164
Y2015M05D19h12m37s21_1.jpeg 4 20 14 11 13 26 233 222 219 41 74 68 75 11 124 115 114
Y2015M05D19h12m37s21_10.jpeg 5 11 16 10 16 10 203 187 178 58 65 61 68 14 248 240 234 5 122 107 102
Y2015M05D19h12m37s21_2.jpeg 5 36 5 3 3 9 43 39 39 9 169 149 141 31 90 81 85 12 234 227 226
Y2015M05D19h12m37s21_4.jpeg 5 7 11 7 7 9 178 165 161 50 86 80 83 16 49 41 44 16 241 231 228
Y2015M05D19h12m37s21_5.jpeg 5 11 5 4 3 30 158 133 129 13 55 43 39 11 228 215 216 33 99 84 79
Y2015M05D19h12m37s21_6.jpeg 4 33 46 31 24 22 189 174 169 33 248 237 232 11 119 104 97
Y2015M05D19h12m37s21_7.jpeg 3 19 15 15 11 35 222 211 204 45 83 77 79
Y2015M05D19h12m37s21_8.jpeg 1 99 238 224 217
Y2015M05D19h12m37s21_9.jpeg 5 4 19 12 12 41 244 244 246 10 85 65 69 18 193 179 188 25 140 113 115
Y2015M05D20h05m52s42_1.jpeg 4 57 2 2 4 9 66 77 104 18 176 187 206 14 119 130 156
Y2015M05D20h05m52s42_2.jpeg 4 4 4 5 12 34 91 101 123 13 46 57 78 48 160 170 191
Y2015M05D20h05m52s42_3.jpeg 5 7 6 8 23 42 151 163 186 31 70 81 105 8 205 219 235 10 102 89 103
Y2015M05D21h17m20s06_1.jpeg 5 18 3 6 14 28 134 156 178 9 33 45 64 38 72 86 106 4 185 196 212
Y2015M05D21h17m20s06_10.jpeg 3 18 3 5 11 70 66 76 95 10 125 133 146
Y2015M05D21h17m20s06_2.jpeg 4 25 4 8 16 17 131 151 173 43 59 72 90 13 192 206 227
Y2015M05D21h17m20s06_3.jpeg 4 26 4 10 22 18 136 155 173 42 58 74 88 12 195 212 226
Y2015M05D21h17m20s06_4.jpeg 4 13 5 14 29 34 122 149 174 43 61 82 106 8 191 204 225
Y2015M05D21h17m20s06_5.jpeg 4 53 4 6 11 24 55 66 85 8 124 136 158 13 193 204 225
Y2015M05D21h17m20s06_6.jpeg 4 19 8 20 35 11 132 148 165 59 61 77 93 9 186 203 222
Y2015M05D21h17m20s06_7.jpeg 4 33 5 8 17 9 131 142 162 38 56 66 83 19 192 203 220
Y2015M05D21h17m20s06_8.jpeg 5 26 2 4 10 11 24 36 55 13 123 141 163 36 65 79 99 11 182 197 218
Y2015M05D21h17m20s06_9.jpeg 5 12 2 8 18 21 183 199 217 13 27 38 56 41 65 77 97 9 118 130 151
Y2015M05D21h17m21s26_1.jpeg 6 23 2 6 17 18 194 206 238 15 23 32 62 16 55 63 103 17 80 89 111 9 139 148 180
Y2015M05D21h17m21s26_10.jpeg 3 33 4 4 7 59 71 78 103 7 141 141 159
Y2015M05D21h17m21s26_2.jpeg 5 18 3 4 15 11 24 31 57 21 124 119 152 40 69 76 102 7 172 176 206
Y2015M05D21h17m21s26_3.jpeg 5 22 2 6 19 11 119 140 180 10 24 40 74 19 66 82 114 36 184 198 227
Y2015M05D21h17m21s26_5.jpeg 6 22 3 6 18 27 188 203 234 12 21 34 64 27 59 71 101 4 113 131 173 4 111 119 138
Y2015M05D21h17m21s26_6.jpeg 4 19 5 13 43 12 124 135 168 34 57 67 100 33 187 199 231
Y2015M05D21h17m21s26_7.jpeg 3 10 12 14 36 21 141 141 171 68 74 78 108
Y2015M05D21h17m21s26_8.jpeg 3 19 17 28 57 15 170 183 212 64 69 77 108
Y2015M05D21h17m21s26_9.jpeg 3 15 3 3 9 76 72 82 110 8 135 139 159
Y2015M05D21h17m52s59_1.jpeg 6 14 10 8 25 17 148 175 225 8 41 44 87 15 105 114 137 37 74 64 91 5 173 174 190
Y2015M05D21h17m52s59_2.jpeg 5 5 20 19 47 26 130 124 153 13 156 181 227 38 186 197 227 16 69 68 98
Y2015M05D21h17m52s59_3.jpeg 6 6 27 25 51 35 138 168 222 13 99 109 135 25 75 64 100 12 114 135 142 6 163 183 218
Y2015M05D21h17m52s59_4.jpeg 5 7 18 14 50 17 154 179 235 39 177 191 223 17 76 63 105 17 119 125 163
Y2015M05D21h17m52s59_5.jpeg 4 29 5 6 16 9 86 94 103 54 75 61 94 6 145 145 171
Y2015M05D21h17m52s59_6.jpeg 6 10 8 8 28 35 138 171 226 8 78 94 132 11 89 112 120 10 162 176 203 24 80 65 95
Y2015M05D21h17m52s59_7.jpeg 6 19 4 4 14 17 44 38 62 3 161 173 214 43 84 66 100 7 70 84 93 8 143 132 160
Y2015M05D22h11m53s45_1.jpeg 5 17 20 17 22 16 211 206 212 12 117 75 65 44 82 75 84 8 183 110 92
Y2015M05D22h11m53s45_10.jpeg 8 7 16 6 5 6 139 92 76 10 165 147 145 13 244 161 114 15 92 77 79 18 195 107 71 15 231 205 199 12 204 139 116
Y2015M05D22h11m53s45_2.jpeg 8 21 8 6 7 7 169 112 95 8 91 92 118 8 223 202 191 21 66 58 59 7 239 160 120 7 181 91 62 16 118 106 105
Y2015M05D22h11m53s45_3.jpeg 6 7 18 8 8 17 144 93 80 14 161 143 138 38 80 68 67 16 236 209 202 5 202 137 111
Y2015M05D22h11m53s45_4.jpeg 7 20 62 52 50 21 233 209 197 4 104 53 34 18 225 168 142 13 123 109 104 14 228 144 102 8 164 92 67
Y2015M05D22h11m53s45_5.jpeg 7 10 17 6 6 13 103 90 90 9 149 91 72 10 171 156 154 12 217 132 96 15 203 154 134 26 239 215 208
Y2015M05D22h11m53s45_6.jpeg 6 22 13 5 3 8 174 151 144 18 166 118 98 14 98 84 81 9 214 144 116 26 235 212 206
Y2015M05D22h11m53s45_7.jpeg 8 10 16 4 3 8 89 71 69 10 167 103 83 7 192 173 174 19 226 140 104 15 211 155 136 17 244 217 212 11 137 115 112
Y2015M05D22h11m53s45_8.jpeg 7 14 13 5 3 9 100 78 78 11 157 105 88 19 236 212 206 19 210 128 95 13 161 142 139 11 210 152 134
Y2015M05D22h11m53s45_9.jpeg 7 16 12 4 5 19 106 91 90 8 147 94 76 17 185 163 159 13 222 138 103 12 238 219 217 12 210 150 130
Y2015M05D22h17m07s17_1.jpeg 4 16 3 10 25 9 102 114 136 60 28 40 61 13 181 195 214
Y2015M05D22h17m07s17_10.jpeg 4 14 3 8 29 4 112 120 145 74 33 45 70 7 179 186 206
Y2015M05D22h17m07s17_2.jpeg 4 9 0 4 16 27 124 132 154 36 80 89 110 27 181 197 213
Y2015M05D22h17m07s17_3.jpeg 4 11 5 11 32 4 117 124 148 75 34 47 68 8 191 199 218
Y2015M05D22h17m07s17_4.jpeg 4 20 4 12 25 74 32 44 62 3 114 127 137 1 190 202 212
Y2015M05D22h17m07s17_5.jpeg 5 21 2 7 20 7 91 97 121 62 28 37 61 4 194 202 217 3 144 150 171
Y2015M05D22h17m07s17_6.jpeg 3 86 22 33 54 4 94 108 127 8 175 188 204
Y2015M05D22h17m07s17_7.jpeg 3 59 33 46 68 33 90 97 129 7 125 135 160
Y2015M05D22h17m07s17_8.jpeg 4 17 4 12 34 3 107 120 142 74 36 49 73 4 180 195 215
Y2015M05D22h17m07s17_9.jpeg 5 19 3 6 15 6 126 126 149 57 28 37 61 12 71 77 97 4 179 177 202
Y2015M05D22h20m06s52_10.jpeg 4 23 3 12 36 10 99 112 141 48 37 49 76 16 164 181 204
Y2015M05D22h20m06s52_4.jpeg 4 44 4 10 25 7 97 110 130 25 31 46 68 23 177 192 211
Y2015M05D22h20m06s52_5.jpeg 5 38 3 12 32 11 142 157 178 34 28 47 67 9 74 89 114 5 198 207 222
Y2015M05D22h20m06s52_6.jpeg 4 27 6 15 36 14 91 107 133 43 37 51 75 15 155 172 199
Y2015M05D22h20m06s52_7.jpeg 4 10 8 27 71 15 124 158 218 62 34 52 77 11 43 64 113
Y2015M05D22h20m06s52_8.jpeg 4 26 4 14 35 8 129 144 166 55 38 54 80 9 187 200 212
Y2015M05D22h20m06s52_9.jpeg 4 28 4 13 35 15 175 188 207 48 34 50 74 7 96 110 136
Y2015M05D22h20m46s49_1.jpeg 4 41 5 4 12 36 182 181 205 11 33 32 65 9 99 95 119
Y2015M05D22h20m46s49_10.jpeg 4 24 6 5 15 10 115 110 131 54 41 36 59 10 178 176 193
Y2015M05D22h20m46s49_2.jpeg 5 15 9 8 27 7 138 133 155 61 39 38 60 9 79 78 98 4 185 184 205
Y2015M05D22h20m46s49_3.jpeg 5 8 5 4 26 10 131 134 159 42 38 37 62 30 178 183 208 7 80 81 107
Y2015M05D22h20m46s49_4.jpeg 5 13 15 7 30 9 106 108 147 8 175 152 173 59 42 37 60 9 122 101 126
Y2015M05D22h20m46s49_5.jpeg 5 9 13 7 27 12 111 113 153 14 145 125 152 59 40 37 59 4 174 177 208
Y2015M05D22h20m46s49_6.jpeg 5 21 4 4 17 14 97 90 117 15 190 190 211 36 36 33 57 11 142 134 163
Y2015M05D22h20m46s49_7.jpeg 4 15 5 4 22 22 178 179 205 41 36 33 59 20 93 87 115
Y2015M05D22h20m46s49_8.jpeg 5 18 6 5 23 5 144 143 170 56 34 31 60 9 83 83 107 8 193 194 221
Y2015M05D22h20m46s49_9.jpeg 5 17 6 4 19 7 136 131 158 38 37 34 58 11 84 77 106 25 186 187 212
Y2015M05D26h16m31s03_1.jpeg 4 12 6 16 25 12 153 169 189 58 51 64 74 16 93 107 122
Y2015M05D26h16m31s03_2.jpeg 4 13 7 15 30 19 120 134 156 45 57 67 84 21 174 188 210
Y2015M05D26h16m31s03_3.jpeg 3 6 12 22 35 18 133 147 164 74 62 75 90
Y2015M05D26h16m31s03_4.jpeg 4 9 11 21 36 19 126 140 161 50 58 71 86 20 176 191 209
Y2015M05D26h16m31s03_5.jpeg 4 26 16 27 40 14 120 132 154 40 65 76 91 18 172 187 207
Y2015M05D26h16m31s03_6.jpeg 4 26 3 7 12 56 60 74 84 6 173 184 196 9 98 113 125
Y2015M05D27h17m18s01_1.jpeg 5 8 2 11 40 12 138 159 210 12 51 64 116 30 96 111 145 36 166 188 222
Y2015M05D27h17m18s01_2.jpeg 5 21 38 46 95 29 153 176 242 26 108 119 163 9 3 5 29 12 161 172 205
Y2015M05D27h17m18s01_3.jpeg 6 18 3 6 18 7 122 136 177 25 27 37 71 26 75 83 115 17 175 188 228 4 137 144 160
Y2015M05D27h17m18s01_4.jpeg 6 10 4 4 19 13 79 85 138 15 103 104 137 20 33 37 74 13 143 153 210 25 147 150 179
Y2015M05D27h18m25s23_1.jpeg 5 9 5 4 14 45 75 69 87 6 163 166 180 21 70 37 64 17 119 113 128
Y2015M05D27h18m25s23_10.jpeg 6 21 3 3 6 22 130 129 148 15 39 33 54 18 81 43 76 14 77 73 92 8 179 189 205
Y2015M05D27h18m25s23_2.jpeg 5 20 9 6 16 29 88 85 95 35 60 50 73 8 133 130 143 5 183 180 196
Y2015M05D27h18m25s23_3.jpeg 4 14 14 4 21 16 154 147 168 38 64 48 74 29 94 88 102
Y2015M05D27h18m25s23_4.jpeg 3 25 7 7 15 23 174 177 197 50 73 69 86
Y2015M05D27h18m25s23_5.jpeg 4 41 3 4 7 9 45 45 56 44 92 85 96 5 153 153 163
Y2015M05D27h18m25s23_6.jpeg 4 26 8 6 16 16 107 104 120 43 63 42 66 12 163 166 180
Y2015M05D27h18m25s23_7.jpeg 4 8 24 9 31 39 158 159 178 11 88 83 104 39 66 40 65
Y2015M05D27h18m25s23_8.jpeg 4 3 5 6 19 66 137 139 155 17 186 189 206 12 72 75 89
Y2015M05D27h18m25s23_9.jpeg 4 31 4 6 12 20 69 77 96 14 177 188 208 34 127 132 151
Y2015M05D28h12m09s31_1.jpeg 5 25 15 11 8 8 122 113 108 21 235 220 214 35 179 165 161 10 58 53 47
Y2015M05D28h12m09s31_10.jpeg 4 21 17 5 4 10 121 96 92 37 55 44 50 30 211 180 173
Y2015M05D28h12m09s31_2.jpeg 5 22 13 6 4 9 124 108 104 25 234 220 215 17 56 49 45 25 176 158 153
Y2015M05D28h12m09s31_3.jpeg 5 15 17 10 6 18 162 147 140 33 54 48 45 23 214 202 195 8 98 87 81
Y2015M05D28h12m09s31_4.jpeg 4 12 22 10 6 24 144 121 121 22 230 201 202 39 73 56 53
Y2015M05D28h12m09s31_5.jpeg 5 16 21 11 7 15 162 144 139 30 59 47 46 25 229 207 201 11 105 89 85
Y2015M05D28h12m09s31_6.jpeg 5 13 16 5 4 10 122 97 95 26 238 214 209 29 57 48 47 20 177 151 147
Y2015M05D28h12m09s31_7.jpeg 5 6 7 3 1 23 153 130 121 15 240 232 226 26 64 52 51 28 221 192 185
Y2015M05D28h12m09s31_8.jpeg 6 4 35 17 16 6 200 204 211 18 243 210 204 43 80 70 73 13 188 160 154 11 134 111 108
Y2015M05D28h12m09s31_9.jpeg 4 39 52 41 49 15 124 100 96 40 215 182 177 4 30 8 9
Y2015M05D28h12m32s56_1.jpeg 4 6 13 1 1 51 176 149 144 16 132 102 96 25 240 217 212
Y2015M05D28h12m32s56_2.jpeg 6 17 99 96 132 39 202 170 165 5 44 11 13 10 122 104 119 11 84 56 62 16 69 62 86
Y2015M05D28h12m32s56_3.jpeg 3 39 244 209 205 50 196 161 155 9 143 112 104
Y2015M05D28h12m32s56_4.jpeg 6 7 10 5 8 10 123 98 97 25 81 73 97 10 193 167 162 21 113 110 147 25 240 223 214
Y2015M05D28h12m32s56_5.jpeg 7 5 12 4 4 13 188 157 153 18 116 114 150 30 237 215 209 15 87 82 104 8 87 61 71 9 136 117 136
Y2015M05D28h12m32s56_6.jpeg 3 14 150 106 100 44 243 209 204 41 190 152 146
Y2015M05D28h13m14s01_1.jpeg 6 9 12 3 4 19 191 175 191 12 65 39 45 22 244 236 245 13 165 135 132 21 115 88 94
Y2015M05D28h13m14s01_10.jpeg 5 20 13 5 4 12 96 72 80 14 197 187 195 20 169 139 130 31 241 223 218
Y2015M05D28h13m14s01_3.jpeg 6 12 19 4 5 9 79 48 57 8 228 207 210 21 181 139 136 34 236 189 190 12 134 100 104
Y2015M05D28h13m14s01_4.jpeg 3 9 12 4 3 77 239 220 217 12 227 185 181
Y2015M05D28h13m14s01_5.jpeg 4 1 22 7 2 85 243 224 216 3 116 91 87 8 182 157 149
Y2015M05D28h13m14s01_6.jpeg 4 27 8 6 5 10 70 47 44 51 221 190 185 11 136 105 104
Y2015M05D28h13m14s01_7.jpeg 5 17 15 4 4 51 238 231 227 4 97 84 89 20 158 127 123 4 154 147 154
Y2015M05D28h13m14s01_8.jpeg 6 15 56 28 31 15 177 158 175 43 243 235 244 8 90 68 81 10 218 177 176 7 115 76 79
Y2015M05D28h13m14s01_9.jpeg 4 7 16 6 10 30 182 165 173 41 242 229 235 21 92 76 84
Y2015M05D28h15m50s25_1.jpeg 4 19 10 8 22 16 199 196 206 50 55 50 66 13 104 102 116
Y2015M05D28h15m50s25_10.jpeg 6 28 14 5 9 15 172 169 212 20 150 130 135 5 66 58 88 24 64 48 58 6 203 199 216
Y2015M05D28h15m50s25_2.jpeg 5 24 7 5 10 10 167 164 168 37 53 50 58 17 240 238 242 10 96 92 100
Y2015M05D28h15m50s25_3.jpeg 7 16 17 6 16 12 173 176 220 13 219 198 201 8 53 55 88 16 125 117 133 15 198 200 226 16 66 51 60
Y2015M05D28h15m50s25_4.jpeg 6 27 9 4 7 12 178 181 215 20 173 150 155 20 55 44 55 12 100 88 101 7 223 224 235
Y2015M05D28h15m50s25_5.jpeg 6 12 15 4 6 15 185 189 224 11 106 90 100 37 157 139 142 14 55 39 44 7 230 226 239
Y2015M05D28h15m50s25_6.jpeg 7 21 12 2 5 13 176 179 216 28 159 141 144 13 51 34 42 3 71 62 93 5 215 212 229 13 93 76 86
Y2015M05D28h15m50s25_7.jpeg 6 19 12 4 6 11 179 181 217 13 116 94 101 20 50 36 45 28 163 143 141 6 222 221 233
Y2015M05D28h15m50s25_8.jpeg 7 28 9 3 6 14 174 177 217 11 124 103 110 9 67 59 88 20 60 43 54 3 215 216 238 11 172 152 154
Y2015M05D28h15m50s25_9.jpeg 6 32 9 3 4 14 171 173 211 24 152 131 137 20 58 42 49 4 214 214 229 4 88 73 96
Y2015M05D28h16m42s39_1.jpeg 3 61 31 27 37 25 130 138 159 12 71 66 74
Y2015M05D28h16m42s39_2.jpeg 4 21 8 7 8 21 107 108 121 51 43 40 45 6 176 174 180
Y2015M05D28h16m42s39_3.jpeg 4 12 9 4 8 16 99 95 105 67 38 34 43 4 174 170 177
Y2015M05D28h16m42s39_4.jpeg 5 29 26 19 32 13 98 108 129 31 124 104 114 20 74 60 71 4 178 175 178
Y2015M05D28h16m42s39_5.jpeg 5 38 28 22 35 6 83 90 108 32 115 99 107 4 168 156 163 18 71 56 69
Y2015M05D28h16m42s39_6.jpeg 4 19 8 5 8 31 48 42 54 5 189 187 191 44 106 99 109
Y2015M05D28h16m42s39_7.jpeg 5 12 8 4 5 29 55 45 58 5 175 172 178 41 122 102 110 10 81 87 104
Y2015M05D28h19m46s20_1.jpeg 5 7 6 20 44 24 71 128 189 14 114 135 169 47 45 64 97 6 170 193 220
Y2015M05D28h19m46s20_10.jpeg 4 9 36 48 79 27 161 181 207 23 66 84 122 38 111 123 152
Y2015M05D28h19m46s20_2.jpeg 6 36 68 138 203 7 147 173 200 6 5 14 35 25 41 64 104 11 85 105 138 12 106 145 196
Y2015M05D28h19m46s20_3.jpeg 7 26 78 140 205 14 124 147 187 8 11 24 53 13 55 88 136 13 102 107 134 14 50 62 93 8 165 184 212
Y2015M05D28h19m46s20_4.jpeg 6 12 4 13 31 9 62 99 146 14 151 178 204 35 42 61 91 20 94 113 139 7 118 154 207
Y2015M05D28h19m46s20_5.jpeg 5 3 4 12 37 21 97 124 160 32 146 169 199 21 85 100 121 20 44 59 89
Y2015M05D28h19m46s20_6.jpeg 5 29 36 60 91 20 65 119 173 18 148 168 208 19 73 100 139 11 107 165 230
Y2015M05D28h19m46s20_7.jpeg 7 12 4 7 15 12 98 158 228 8 140 166 215 28 37 57 90 13 78 99 130 15 61 109 160 9 148 171 195
Y2015M05D28h19m46s20_8.jpeg 5 31 3 5 8 10 16 33 60 14 103 119 145 35 52 71 104 8 156 174 198
Y2015M05D28h19m46s20_9.jpeg 4 14 3 7 18 22 113 127 156 52 50 67 99 10 175 190 217
Y2015M05D28h20m23s19_1.jpeg 5 28 32 36 62 14 131 136 162 24 72 79 105 24 186 196 221 8 3 5 28
Y2015M05D28h20m23s19_10.jpeg 5 25 9 11 31 34 48 53 74 21 93 98 117 2 154 172 209 15 159 163 179
Y2015M05D28h20m23s19_2.jpeg 4 16 5 6 24 15 176 188 210 42 37 39 59 26 89 91 110
Y2015M05D28h20m23s19_3.jpeg 4 11 3 6 25 42 70 73 98 20 136 137 157 25 34 35 60
Y2015M05D28h20m23s19_4.jpeg 5 33 4 5 13 26 38 42 61 11 164 167 185 22 95 97 114 5 202 218 245
Y2015M05D28h20m23s19_5.jpeg 5 39 6 7 17 16 56 58 78 19 109 109 130 5 195 210 242 19 158 158 177
Y2015M05D28h20m23s19_6.jpeg 5 15 5 6 21 32 82 82 103 12 147 150 168 33 35 35 55 5 181 201 234
Y2015M05D28h20m23s19_7.jpeg 3 35 18 19 40 53 68 69 93 10 154 156 174
Y2015M05D28h20m23s19_8.jpeg 3 35 12 16 35 15 144 149 162 49 61 65 85
Y2015M05D28h20m23s19_9.jpeg 5 19 3 5 16 25 76 81 101 16 134 140 158 32 32 38 57 7 177 191 212
Y2015M05D29h12m32s41_1.jpeg 4 4 16 7 5 42 223 205 202 31 155 138 134 21 92 79 74
Y2015M05D29h12m32s41_10.jpeg 4 8 135 130 142 72 229 199 193 13 166 139 134 4 105 70 69
Y2015M05D29h12m32s41_2.jpeg 3 11 95 75 72 53 235 213 207 35 167 146 141
Y2015M05D29h12m32s41_3.jpeg 4 9 10 5 4 35 189 168 162 26 124 105 101 29 239 223 220
Y2015M05D29h12m32s41_4.jpeg 4 9 11 6 5 11 121 93 82 25 239 235 231 53 189 162 155
Y2015M05D29h12m32s41_5.jpeg 4 5 7 2 1 41 186 162 156 15 130 110 106 37 239 218 213
Y2015M05D29h12m32s41_6.jpeg 4 3 84 56 48 53 226 199 195 35 162 145 143 8 130 103 96
Y2015M05D29h12m32s41_7.jpeg 5 5 68 33 21 44 228 201 193 10 122 116 116 35 161 134 125 5 112 80 69
Y2015M05D29h12m32s41_8.jpeg 6 3 30 28 30 68 220 190 186 4 91 89 93 9 147 118 109 3 81 46 37 9 141 141 146
Y2015M05D29h12m32s41_9.jpeg 5 5 78 39 37 47 231 198 192 9 132 130 139 27 171 139 134 8 99 76 79
Y2015M05D29h15m07s12_1.jpeg 5 4 16 10 34 44 145 153 186 9 190 191 213 22 106 101 124 18 64 50 78
Y2015M05D29h15m07s12_10.jpeg 5 6 19 19 38 41 155 167 208 8 188 197 215 24 113 112 144 18 74 63 87
Y2015M05D29h15m07s12_2.jpeg 5 43 5 4 9 16 79 72 91 19 159 175 208 8 196 196 213 11 130 134 155
Y2015M05D29h15m07s12_3.jpeg 6 26 5 5 12 17 68 67 86 12 134 143 183 10 210 221 235 24 177 191 224 10 136 136 157
Y2015M05D29h15m07s12_4.jpeg 4 8 12 8 23 48 150 156 188 13 57 44 72 29 97 88 111
Y2015M05D29h15m07s12_5.jpeg 5 9 8 6 19 32 112 111 138 33 154 169 205 6 177 180 195 18 65 55 79
Y2015M05D29h15m07s12_6.jpeg 5 10 9 7 19 27 111 108 132 30 152 164 203 9 171 174 193 22 57 52 74
Y2015M05D29h15m07s12_7.jpeg 5 17 6 6 14 20 63 57 77 21 160 174 216 9 178 179 197 30 119 118 147
Y2015M05D29h15m07s12_8.jpeg 5 10 13 12 30 27 111 109 131 29 142 154 192 14 176 181 205 18 63 56 80
Y2015M05D29h15m07s12_9.jpeg 5 7 17 16 36 35 158 172 209 19 67 61 83 28 116 116 141 9 202 211 232
Y2015M05D29h16m33s18_1.jpeg 5 55 3 4 6 10 59 63 85 11 143 164 193 7 171 181 193 15 102 108 129
Y2015M05D29h16m33s18_2.jpeg 4 10 7 7 15 35 106 118 136 28 64 68 83 25 163 176 195
Y2015M05D29h16m33s18_3.jpeg 5 40 5 4 7 18 63 66 82 23 114 124 143 7 100 97 103 9 169 175 186
Y2015M05D29h16m33s18_4.jpeg 7 18 5 8 15 7 45 47 78 22 153 170 220 17 137 144 177 8 192 205 242 8 121 127 132 16 97 96 129
Y2015M05D29h16m33s18_5.jpeg 4 20 4 4 16 15 45 44 75 40 150 162 201 23 95 94 117
Y2015M05D29h16m33s18_6.jpeg 4 14 3 4 14 20 156 161 198 7 29 30 58 57 75 71 95
Y2015M05D29h16m33s18_7.jpeg 4 8 3 3 20 13 175 187 221 65 77 71 96 12 121 119 147
Y2015M05D29h16m33s18_8.jpeg 1 99 117 122 133
Y2015M05D29h17m11s29_1.jpeg 5 18 8 7 25 35 67 44 73 5 142 140 165 32 115 63 102 6 196 198 219
Y2015M05D29h17m11s29_10.jpeg 4 4 16 14 34 24 177 189 210 28 83 94 116 42 57 46 69
Y2015M05D29h17m11s29_2.jpeg 5 24 5 8 17 23 62 48 77 9 153 160 183 28 117 63 103 14 195 210 229
Y2015M05D29h17m11s29_3.jpeg 6 7 11 8 26 6 94 103 122 35 53 44 67 23 186 202 223 17 85 46 79 7 150 154 172
Y2015M05D29h17m11s29_4.jpeg 5 13 11 10 25 49 58 39 68 10 185 183 206 8 91 82 106 18 106 55 96
Y2015M05D29h17m11s29_5.jpeg 5 19 4 4 13 7 148 155 181 42 55 41 65 17 96 99 122 12 198 205 233
Y2015M05D29h17m11s29_6.jpeg 5 11 21 12 33 7 151 157 182 54 72 44 73 9 70 73 95 17 196 205 226
Y2015M05D29h17m11s29_7.jpeg 4 10 15 8 30 14 182 182 201 7 88 81 105 67 70 44 75
Y2015M05D29h17m11s29_8.jpeg 3 8 14 7 30 84 64 45 71 6 98 91 115
Y2015M05D29h17m11s29_9.jpeg 4 26 5 4 9 35 52 50 65 25 108 67 99 12 112 115 129
Y2015M06D02h17m27s24_1.jpeg 5 7 1 9 31 29 161 180 218 9 37 54 97 19 140 142 165 34 89 96 128
Y2015M06D02h17m27s24_10.jpeg 6 20 24 28 55 9 59 69 111 11 134 146 190 28 108 104 129 21 181 199 241 8 159 152 172
Y2015M06D02h17m27s24_2.jpeg 6 20 3 8 21 10 125 141 180 10 28 39 73 20 152 157 176 27 77 84 110 9 182 199 240
Y2015M06D02h17m27s24_3.jpeg 5 23 3 7 19 29 72 80 104 11 126 142 175 19 143 146 162 16 173 192 229
Y2015M06D02h17m27s24_4.jpeg 6 14 4 5 15 13 84 104 147 21 44 56 90 24 164 184 223 15 105 112 137 9 159 161 180
Y2015M06D02h17m27s24_5.jpeg 5 12 2 3 19 16 127 145 173 18 78 84 109 33 191 212 236 18 26 30 53
Y2015M06D02h17m27s24_6.jpeg 5 18 4 6 18 14 43 47 73 23 186 210 237 22 144 151 182 20 92 101 131
Y2015M06D02h17m27s24_7.jpeg 5 9 3 6 19 21 119 138 173 37 67 78 104 16 192 215 244 15 145 151 169
Y2015M06D02h17m27s24_8.jpeg 6 5 5 15 42 12 127 154 214 29 165 184 222 13 75 99 143 15 111 110 140 23 45 59 90
Y2015M06D02h17m27s24_9.jpeg 5 11 4 9 35 17 72 69 95 27 163 188 230 31 112 117 145 12 168 167 191
Y2015M06D02h18m24s50_1.jpeg 6 13 97 86 147 31 160 158 204 25 150 138 204 11 96 110 142 6 48 57 91 10 204 210 241
Y2015M06D02h18m24s50_10.jpeg 5 27 4 5 12 15 77 81 112 12 199 203 223 30 140 137 190 13 167 169 205
Y2015M06D02h18m24s50_2.jpeg 5 4 20 25 73 45 155 147 215 24 117 126 168 15 72 82 125 9 171 178 222
Y2015M06D02h18m24s50_3.jpeg 6 5 3 7 19 35 141 134 200 12 55 67 97 15 183 183 229 22 120 128 161 8 187 199 219
Y2015M06D02h18m24s50_4.jpeg 5 7 3 4 15 41 153 141 213 6 58 63 106 36 148 150 195 7 117 121 147
Y2015M06D02h18m24s50_5.jpeg 6 8 2 4 16 19 143 138 199 27 174 174 221 6 107 97 152 13 193 200 220 25 87 95 126
Y2015M06D02h18m24s50_6.jpeg 5 9 2 5 20 28 86 96 129 29 173 175 217 22 134 133 187 9 182 189 211
Y2015M06D02h18m24s50_7.jpeg 4 31 5 6 13 13 84 86 127 26 192 197 224 28 141 139 189
Y2015M06D02h18m24s50_8.jpeg 4 2 13 7 74 79 156 147 221 8 194 194 238 9 74 67 134
Y2015M06D02h18m24s50_9.jpeg 6 18 2 4 13 16 71 78 114 18 170 173 212 20 141 137 192 15 115 126 158 11 193 203 222
Y2015M06D03h12m54s13_1.jpeg 6 11 7 6 8 10 81 99 123 34 192 172 168 23 134 118 119 10 157 168 188 9 76 63 82
Y2015M06D03h12m54s13_10.jpeg 7 13 31 60 99 12 216 176 184 28 103 149 196 8 43 31 42 10 161 160 198 12 125 96 102 14 83 88 118
Y2015M06D03h12m54s13_2.jpeg 8 19 12 5 8 6 87 116 154 11 201 178 191 9 58 53 75 13 160 137 137 11 113 94 107 16 236 204 201 11 143 160 188
Y2015M06D03h12m54s13_3.jpeg 6 11 8 5 12 19 54 68 94 14 96 80 82 21 141 193 229 25 89 125 161 8 137 128 141
Y2015M06D03h12m54s13_4.jpeg 7 6 41 56 85 7 101 68 78 13 123 165 211 36 236 196 195 10 169 182 210 9 23 5 12 15 155 131 134
Y2015M06D03h12m54s13_5.jpeg 7 13 15 5 11 27 198 159 162 8 100 137 169 8 56 62 74 16 125 102 104 16 73 53 58 8 124 136 152
Y2015M06D03h12m54s13_6.jpeg 8 18 31 55 92 9 80 62 82 12 117 161 207 9 221 182 186 16 61 97 140 11 137 110 120 13 88 104 132 8 160 175 215
Y2015M06D03h12m54s13_7.jpeg 6 36 49 77 114 12 197 165 176 19 114 160 201 7 36 30 48 15 104 96 123 8 122 93 101
Y2015M06D03h12m54s13_8.jpeg 8 11 26 62 105 10 151 145 174 16 81 124 169 12 75 56 69 16 134 180 226 5 173 135 141 16 70 84 112 10 233 196 204
Y2015M06D03h12m54s13_9.jpeg 8 17 32 68 108 9 213 176 180 22 86 134 183 8 46 40 56 14 134 184 232 9 124 101 113 9 90 104 138 7 146 156 197
Y2015M06D03h16m51s43_1.jpeg 4 20 8 7 9 3 63 60 70 45 210 207 219 30 151 140 159
Y2015M06D03h16m51s43_10.jpeg 5 7 9 4 6 16 184 179 202 12 89 76 82 34 228 225 231 29 145 131 139
Y2015M06D03h16m51s43_2.jpeg 4 11 10 8 9 10 107 96 117 31 228 224 234 46 173 163 189
Y2015M06D03h16m51s43_3.jpeg 4 7 12 6 13 10 81 73 87 37 201 199 217 44 147 136 156
Y2015M06D03h16m51s43_4.jpeg 5 1 1 0 11 43 187 182 210 16 215 223 239 22 133 127 149 16 86 78 99
Y2015M06D03h16m51s43_5.jpeg 4 14 8 4 7 29 146 131 142 23 231 226 232 33 186 182 200
Y2015M06D03h16m51s43_6.jpeg 4 15 6 5 5 17 150 145 173 37 240 243 247 30 193 198 225
Y2015M06D03h16m51s43_7.jpeg 4 19 10 5 6 14 127 115 124 37 219 215 229 27 172 157 165
Y2015M06D03h16m51s43_8.jpeg 4 3 13 6 11 39 222 219 229 36 174 166 191 20 135 118 128
Y2015M06D03h16m51s43_9.jpeg 4 7 5 3 11 11 116 103 121 40 168 162 184 40 227 220 232
Y2015M06D03h17m11s45_1.jpeg 4 47 6 4 4 20 141 129 131 23 41 29 37 8 86 72 77
Y2015M06D03h17m11s45_10.jpeg 5 19 7 5 4 18 96 85 87 21 207 201 200 25 45 44 45 15 143 132 133
Y2015M06D03h17m11s45_2.jpeg 3 25 23 18 22 38 143 127 130 36 201 191 190
Y2015M06D03h17m11s45_3.jpeg 4 22 11 5 6 24 121 108 109 11 197 190 186 41 47 38 43
Y2015M06D03h17m11s45_4.jpeg 4 20 11 5 8 18 125 112 117 25 52 44 50 35 196 182 186
Y2015M06D03h17m11s45_5.jpeg 5 17 9 4 2 15 97 87 86 16 192 190 187 22 36 32 31 28 146 137 136
Y2015M06D03h17m11s45_6.jpeg 4 33 21 19 18 30 145 137 135 23 204 198 193 12 64 59 58
Y2015M06D03h17m11s45_7.jpeg 4 23 9 8 8 12 142 131 133 48 48 42 47 15 201 195 193
Y2015M06D03h17m11s45_8.jpeg 4 17 10 7 8 17 127 115 115 29 187 175 173 35 40 40 43
Y2015M06D03h17m11s45_9.jpeg 4 33 10 6 6 28 127 117 119 11 207 198 198 26 47 47 49
Y2015M06D03h17m12s33_1.jpeg 4 14 12 5 6 29 117 104 104 36 191 171 170 19 58 47 51
Y2015M06D03h17m12s33_10.jpeg 4 6 26 11 17 57 153 133 134 30 97 81 80 5 210 197 196
Y2015M06D03h17m12s33_2.jpeg 5 16 21 9 11 35 141 126 127 5 77 69 88 16 202 191 194 26 83 68 69
Y2015M06D03h17m12s33_3.jpeg 5 13 16 6 6 29 145 131 133 31 94 83 89 12 53 43 48 11 193 179 180
Y2015M06D03h17m12s33_4.jpeg 5 11 20 8 10 14 57 45 49 30 157 140 139 36 102 86 85 6 208 195 196
Y2015M06D03h17m12s33_5.jpeg 5 15 9 3 5 19 55 47 55 29 151 138 135 27 100 87 86 8 203 196 198
Y2015M06D03h17m12s33_6.jpeg 5 14 18 7 8 32 145 129 130 16 59 44 51 26 99 82 85 8 194 178 181
Y2015M06D03h17m12s33_7.jpeg 4 6 18 4 6 38 170 152 152 43 112 94 93 11 53 38 42
Y2015M06D03h17m12s33_8.jpeg 4 9 26 9 12 44 128 111 108 18 85 67 68 27 181 163 163
Y2015M06D03h17m12s33_9.jpeg 4 13 30 15 17 22 95 79 78 28 189 173 173 35 140 125 123
Y2015M06D05h12m50s14_1.jpeg 6 4 11 3 3 26 176 139 141 16 126 78 79 24 236 221 222 14 159 82 89 14 239 195 200
Y2015M06D05h12m50s14_10.jpeg 8 8 111 61 67 31 200 58 81 8 198 152 153 14 232 62 91 9 129 38 51 4 245 217 216 17 173 57 75 5 191 107 121
Y2015M06D05h12m50s14_2.jpeg 5 7 110 65 70 23 184 162 160 15 157 69 82 40 239 212 211 12 174 125 131
Y2015M06D05h12m50s14_3.jpeg 6 3 15 2 1 21 186 161 161 13 176 78 89 37 245 219 218 14 137 72 77 9 213 156 162
Y2015M06D05h12m50s14_4.jpeg 6 4 31 2 2 29 191 159 159 9 189 80 99 36 238 213 214 10 126 81 83 9 178 102 113
Y2015M06D05h12m50s14_5.jpeg 6 1 11 5 3 26 185 152 155 7 168 93 105 46 239 216 216 8 130 87 88 10 182 81 100
Y2015M06D05h12m50s14_6.jpeg 7 4 85 44 46 11 202 69 93 24 248 232 230 13 157 117 119 34 221 185 185 5 155 80 92 6 190 89 106
Y2015M06D05h12m50s14_7.jpeg 7 3 8 3 2 17 174 141 138 5 174 87 98 28 248 235 230 9 123 79 80 25 226 188 186 11 189 74 91
Y2015M06D05h12m50s14_8.jpeg 8 3 13 4 5 11 164 58 74 14 160 124 127 7 104 39 50 18 238 222 224 27 218 179 179 12 202 67 91 5 171 98 110
Y2015M06D05h12m50s14_9.jpeg 7 4 13 3 3 18 171 138 136 4 193 71 92 19 248 233 231 10 125 79 81 36 227 187 185 5 170 88 99
Y2015M06D08h19m36s38_1.jpeg 4 20 14 6 19 19 114 105 119 47 40 34 47 13 174 156 169
Y2015M06D08h19m36s38_2.jpeg 3 59 26 20 33 21 99 90 102 18 167 152 165
Y2015M06D08h19m36s38_3.jpeg 3 56 21 13 24 9 84 70 81 33 156 138 145
Y2015M06D08h19m36s38_4.jpeg 4 10 22 7 19 15 106 97 118 38 156 137 149 35 50 41 55
Y2015M06D08h19m36s38_5.jpeg 4 9 20 7 20 20 112 99 115 29 167 148 161 40 50 44 57
Y2015M06D08h19m36s38_6.jpeg 3 13 12 4 11 44 153 134 149 41 54 47 58
Y2015M06D09h10m58s56_1.jpeg 6 21 7 6 4 16 161 148 143 11 48 42 38 10 217 216 214 28 97 90 84 11 216 187 183
Y2015M06D09h10m58s56_2.jpeg 5 15 26 8 5 14 151 129 124 27 60 42 39 29 211 184 177 13 101 76 71
Y2015M06D09h12m07s01_1.jpeg 4 33 4 6 7 16 81 76 84 19 197 202 202 30 140 135 141
Y2015M06D09h12m07s01_10.jpeg 5 8 11 10 23 12 129 118 124 12 68 86 115 33 190 180 186 32 48 53 72
Y2015M06D09h12m07s01_2.jpeg 5 22 9 6 11 12 148 138 143 35 49 53 66 22 202 194 199 7 90 90 99
Y2015M06D09h12m07s01_3.jpeg 4 27 11 9 15 16 198 192 193 46 55 59 76 9 126 119 122
Y2015M06D09h12m07s01_4.jpeg 5 30 7 7 11 15 165 155 158 29 50 57 76 13 101 97 102 11 212 211 213
Y2015M06D09h12m07s01_5.jpeg 6 18 7 7 11 17 152 143 147 33 46 56 74 11 95 88 92 6 72 95 124 11 200 193 198
Y2015M06D09h12m07s01_6.jpeg 4 23 12 9 16 15 183 176 179 48 53 61 82 12 111 103 108
Y2015M06D09h12m07s01_7.jpeg 4 32 6 5 7 13 126 116 120 28 52 59 74 25 196 190 192
Y2015M06D09h12m07s01_8.jpeg 5 29 6 5 8 15 154 142 147 27 52 59 76 21 201 195 200 6 100 95 100
Y2015M06D09h12m07s01_9.jpeg 5 22 7 6 10 12 110 99 103 29 52 57 77 21 164 155 158 14 206 203 209
Y2015M06D09h16m15s51_1.jpeg 4 46 16 11 4 21 151 144 130 17 72 64 52 14 193 192 181
Y2015M06D09h16m15s51_10.jpeg 4 33 21 10 5 34 146 135 129 19 75 65 54 11 188 182 156
Y2015M06D09h16m15s51_2.jpeg 4 24 25 16 11 17 133 124 116 48 189 179 167 10 82 72 64
Y2015M06D09h16m15s51_3.jpeg 4 33 12 6 3 12 75 64 60 33 186 179 167 20 130 117 112
Y2015M06D09h16m15s51_4.jpeg 4 13 14 6 3 23 116 107 97 50 189 181 164 11 48 40 33
Y2015M06D09h16m15s51_5.jpeg 5 20 12 6 3 16 64 56 50 14 197 191 161 25 119 112 103 23 165 158 149
Y2015M06D09h16m15s51_6.jpeg 4 39 10 6 4 11 69 61 55 33 187 185 167 15 128 120 112
Y2015M06D09h16m15s51_7.jpeg 4 19 15 6 3 22 70 62 57 21 187 183 157 36 148 138 131
Y2015M06D09h16m15s51_8.jpeg 4 28 16 11 6 35 163 150 138 22 83 75 68 14 200 188 164
Y2015M06D09h16m15s51_9.jpeg 5 25 8 5 3 13 55 49 47 23 131 121 113 22 192 184 155 14 194 186 181
Y2015M06D12h09m38s57_1.jpeg 2 84 38 35 45 15 120 108 115
Y2015M06D12h09m38s57_10.jpeg 4 12 16 5 8 10 132 117 118 68 37 33 48 8 81 67 69
Y2015M06D12h09m38s57_2.jpeg 3 35 3 2 2 54 38 36 46 10 108 97 100
Y2015M06D12h09m38s57_3.jpeg 3 12 11 5 8 14 102 91 95 72 41 36 48
Y2015M06D12h09m38s57_4.jpeg 3 44 5 3 3 42 38 36 43 13 103 90 94
Y2015M06D12h09m38s57_5.jpeg 4 12 21 7 11 6 100 87 92 70 43 37 53 10 166 147 150
Y2015M06D12h09m38s57_6.jpeg 4 67 43 41 57 13 168 151 152 11 27 11 14 7 83 69 73
Y2015M06D12h09m38s57_7.jpeg 3 38 5 3 4 51 51 45 62 9 122 107 113
Y2015M06D12h09m38s57_8.jpeg 5 40 4 2 3 7 41 36 65 7 121 109 113 37 36 31 41 6 74 64 69
Y2015M06D12h09m38s57_9.jpeg 3 11 13 4 6 11 117 103 106 76 40 35 45
Y2015M06D12h12m09s02_1.jpeg 4 16 4 2 3 13 142 131 137 58 193 186 201 10 237 235 243
Y2015M06D12h12m09s02_10.jpeg 4 35 151 150 178 46 209 201 221 7 122 107 114 10 175 160 168
Y2015M06D12h12m09s02_2.jpeg 5 13 6 3 6 14 83 71 73 41 190 184 200 18 148 136 138 10 230 227 233
Y2015M06D12h12m09s02_3.jpeg 5 18 7 5 5 4 63 51 48 50 216 216 230 20 171 167 184 5 116 102 100
Y2015M06D12h12m09s02_4.jpeg 4 3 11 4 5 51 173 160 174 26 207 210 227 18 101 82 84
Y2015M06D12h12m09s02_5.jpeg 4 28 6 3 7 6 88 84 82 31 203 201 219 33 156 151 162
Y2015M06D12h12m09s02_6.jpeg 4 32 5 3 5 8 98 92 90 49 189 189 206 9 168 160 158
Y2015M06D12h12m09s02_7.jpeg 4 31 5 3 5 59 189 187 206 3 49 44 40 5 119 105 106
Y2015M06D12h12m09s02_8.jpeg 4 19 10 5 7 61 180 175 195 6 90 75 79 12 235 237 247
Y2015M06D12h12m09s02_9.jpeg 3 8 10 7 14 67 169 163 183 23 219 219 238
Y2015M06D12h12m09s03_1.jpeg 6 41 11 5 15 11 56 50 81 13 224 218 242 14 128 113 127 11 68 54 68 7 158 151 180
Y2015M06D12h12m09s03_10.jpeg 4 30 13 8 16 38 184 185 210 13 86 76 91 16 98 77 74
Y2015M06D12h12m09s03_2.jpeg 4 22 13 8 24 49 183 185 211 17 61 58 75 11 107 107 125
Y2015M06D12h12m09s03_3.jpeg 4 20 14 5 9 15 50 41 47 31 182 174 183 33 102 91 98
Y2015M06D12h12m09s03_4.jpeg 5 13 10 6 20 18 68 76 93 25 183 187 209 37 123 131 150 4 62 45 60
Y2015M06D12h12m09s03_5.jpeg 5 28 11 5 13 12 52 41 54 13 206 203 223 17 146 140 152 27 99 85 93
Y2015M06D12h12m09s03_6.jpeg 4 21 12 4 6 15 49 38 45 27 170 160 164 35 103 88 92
Y2015M06D12h12m09s03_7.jpeg 4 17 11 4 11 26 201 198 217 25 72 57 66 30 117 106 115
Y2015M06D12h12m09s03_8.jpeg 4 30 9 6 17 18 56 53 68 27 188 191 213 23 108 109 128
Y2015M06D12h12m09s03_9.jpeg 5 38 8 5 9 14 52 45 54 12 147 142 155 21 95 89 97 13 202 200 222
Y2015M06D12h16m06s28_1.jpeg 4 12 8 8 10 69 60 62 77 4 203 202 206 13 108 110 121
Y2015M06D12h16m06s28_10.jpeg 4 16 6 7 15 27 200 201 207 36 53 54 68 19 107 108 122
Y2015M06D12h16m06s28_2.jpeg 4 7 10 7 15 42 88 89 100 13 162 159 169 37 41 47 66
Y2015M06D12h16m06s28_3.jpeg 4 8 14 16 31 32 105 104 115 37 52 56 73 21 175 168 177
Y2015M06D12h16m06s28_4.jpeg 4 15 17 8 13 7 146 144 147 46 76 69 74 30 195 196 198
Y2015M06D12h16m06s28_5.jpeg 2 67 46 51 67 32 100 106 123
Y2015M06D12h16m06s28_6.jpeg 4 17 5 5 5 21 43 43 48 51 83 75 73 9 132 133 138
Y2015M06D12h16m06s28_7.jpeg 4 10 17 19 34 21 103 103 117 55 57 59 78 12 163 157 166
Y2015M06D12h16m06s28_8.jpeg 4 13 8 6 6 28 61 62 78 27 128 123 128 31 88 76 74
Y2015M06D12h16m06s28_9.jpeg 4 18 10 10 16 15 206 202 207 49 64 64 76 16 125 122 130
Y2015M06D12h18m33s55_1.jpeg 4 5 32 33 58 77 86 91 126 13 130 127 152 3 189 194 217
Y2015M06D12h18m33s55_10.jpeg 4 10 5 9 35 14 131 149 188 61 48 50 77 12 73 81 124
Y2015M06D12h18m33s55_2.jpeg 4 63 79 84 115 15 135 134 158 15 110 129 176 6 200 202 224
Y2015M06D12h18m33s55_3.jpeg 5 7 2 3 8 35 126 122 143 11 85 107 149 41 80 81 112 4 45 38 57
Y2015M06D12h18m33s55_4.jpeg 5 11 4 4 7 32 67 70 95 30 114 110 127 19 90 112 148 5 165 163 182
Y2015M06D12h18m33s55_5.jpeg 4 12 5 4 11 22 57 54 71 59 105 109 128 5 153 177 191
Y2015M06D12h18m33s55_6.jpeg 5 4 14 10 26 23 85 100 140 23 106 103 120 45 64 62 84 2 160 165 176
Y2015M06D12h18m33s55_7.jpeg 4 16 22 25 54 50 82 82 102 22 94 109 148 10 7 6 17
Y2015M06D12h18m33s55_8.jpeg 4 8 11 10 19 19 89 105 138 69 97 93 109 3 169 166 177
Y2015M06D12h18m33s55_9.jpeg 5 9 6 5 10 48 98 96 115 22 51 50 63 5 163 165 179 12 90 112 147
Y2015M06D12h20m52s03_1.jpeg 4 78 35 32 56 11 90 87 118 7 138 149 193 3 179 170 197
Y2015M06D12h20m52s03_10.jpeg 4 9 10 6 26 16 100 93 121 15 156 151 178 58 37 32 54
Y2015M06D12h20m52s03_2.jpeg 5 13 7 5 21 12 90 91 114 68 39 37 60 4 154 154 176 1 208 204 214
Y2015M06D12h20m52s03_3.jpeg 4 10 10 7 29 15 93 91 120 68 41 37 60 6 150 148 177
Y2015M06D12h20m52s03_4.jpeg 5 12 9 5 23 11 109 95 118 69 43 38 60 1 159 167 206 5 167 153 172
Y2015M06D12h20m52s03_5.jpeg 5 13 13 8 29 15 100 91 119 58 43 38 62 7 150 152 193 5 170 157 178
Y2015M06D12h20m52s03_6.jpeg 4 10 12 7 28 21 109 104 131 55 41 39 59 12 164 157 184
Y2015M06D12h20m52s03_7.jpeg 5 13 8 6 17 13 147 160 202 14 108 98 121 53 38 36 56 5 184 180 198
Y2015M06D12h20m52s03_8.jpeg 5 12 8 6 26 11 94 91 118 17 141 142 171 47 39 36 59 11 193 187 210
Y2015M06D12h20m52s03_9.jpeg 3 65 33 28 50 12 87 80 105 21 149 141 167
Y2015M06D15h11m53s55_1.jpeg 4 18 15 7 17 71 80 53 72 6 111 102 110 2 171 168 173
Y2015M06D15h11m53s55_10.jpeg 4 39 21 7 15 7 151 136 145 36 78 54 69 16 204 189 198
Y2015M06D15h11m53s55_2.jpeg 3 16 25 6 13 72 82 48 68 10 150 131 141
Y2015M06D15h11m53s55_3.jpeg 4 26 14 8 12 59 77 47 64 4 124 107 116 9 192 182 185
Y2015M06D15h11m53s55_4.jpeg 5 25 20 4 12 6 160 142 151 31 70 45 60 7 99 84 91 29 202 191 197
Y2015M06D15h11m53s55_5.jpeg 4 29 20 6 14 54 74 47 63 10 143 129 138 6 206 190 203
Y2015M06D15h11m53s55_6.jpeg 4 38 11 3 6 43 68 46 57 11 122 113 118 5 207 199 206
Y2015M06D15h11m53s55_7.jpeg 4 35 18 6 11 11 149 140 144 43 69 45 57 9 211 201 205
Y2015M06D15h11m53s55_8.jpeg 3 27 20 5 13 57 75 49 68 15 175 161 170
Y2015M06D15h11m53s55_9.jpeg 4 28 22 6 12 10 139 123 130 35 79 54 68 25 207 196 200
Y2015M06D15h18m36s40_1.jpeg 2 73 132 107 106 26 186 163 154
Y2015M06D15h18m36s40_2.jpeg 5 3 12 6 4 46 160 137 133 7 67 54 57 34 118 95 93 7 199 182 177
Y2015M06D15h18m36s40_3.jpeg 4 4 14 4 4 7 90 77 70 84 135 119 112 4 188 168 156
Y2015M06D15h18m36s40_4.jpeg 5 7 43 30 39 18 104 87 98 8 175 162 174 61 149 123 117 3 238 229 239
Y2015M06D15h18m36s40_5.jpeg 3 6 82 58 53 88 143 118 110 4 205 191 200
Y2015M06D15h18m36s40_6.jpeg 5 1 21 7 8 42 175 148 137 11 83 61 60 1 220 207 221 42 126 100 94
Y2015M06D16h18m13s35_1.jpeg 5 24 3 9 27 29 92 120 167 16 163 180 207 19 34 44 72 9 78 93 120
Y2015M06D16h18m13s35_10.jpeg 7 7 4 10 32 27 99 126 176 14 58 87 138 10 186 205 236 13 114 128 156 10 51 66 95 15 143 171 221
Y2015M06D16h18m13s35_2.jpeg 6 6 3 13 26 9 110 127 147 46 89 116 164 10 169 179 201 13 54 74 110 13 140 166 209
Y2015M06D16h18m13s35_3.jpeg 6 13 4 5 15 17 66 94 145 14 160 177 204 34 112 140 188 11 50 65 95 9 93 105 129
Y2015M06D16h18m13s35_4.jpeg 7 14 3 5 11 16 74 101 165 10 144 155 187 31 133 163 223 5 36 45 82 11 179 203 236 9 85 92 133
Y2015M06D16h18m13s35_5.jpeg 5 15 6 13 30 30 65 95 146 33 118 150 201 8 179 199 228 12 97 116 148
Y2015M06D16h18m13s35_6.jpeg 6 7 4 10 20 16 139 164 209 31 91 116 165 14 46 66 105 19 86 103 130 11 170 185 208
Y2015M06D16h18m13s35_7.jpeg 5 19 3 6 19 17 53 81 120 19 173 190 217 34 105 138 184 9 92 113 142
Y2015M06D16h18m13s35_8.jpeg 4 19 5 5 10 50 88 120 168 20 151 179 220 9 45 70 106
Y2015M06D16h18m13s35_9.jpeg 5 14 4 6 16 31 61 89 133 15 186 207 235 26 126 157 204 11 107 126 154
Y2015M06D17h17m33s17_1.jpeg 4 9 3 10 27 37 41 51 71 6 175 182 196 46 85 94 120
Y2015M06D17h17m33s17_2.jpeg 4 35 3 5 14 20 40 45 69 20 144 145 163 23 81 87 109
Y2015M06D17h17m33s17_3.jpeg 4 39 4 6 16 21 109 109 133 20 173 178 199 18 39 40 65
Y2015M06D17h17m33s17_4.jpeg 4 28 3 8 16 10 56 66 88 24 179 196 211 36 128 135 157
Y2015M06D17h17m33s17_5.jpeg 4 41 4 5 13 29 121 125 148 17 182 197 217 11 28 39 57
Y2015M06D17h17m33s17_6.jpeg 4 22 4 10 25 23 116 117 138 20 173 177 194 33 39 42 66
Y2015M06D17h17m33s17_7.jpeg 3 32 5 7 19 33 128 125 148 34 49 50 72
Y2015M06D17h17m33s17_8.jpeg 5 14 5 7 22 29 138 129 147 42 30 37 62 8 79 80 100 5 176 175 192
Y2015M06D17h17m33s17_9.jpeg 5 19 4 8 22 11 89 91 110 36 31 42 67 5 177 193 204 26 140 134 153
Y2015M06D17h18m42s35_1.jpeg 4 6 3 6 23 40 164 187 232 8 51 60 100 44 117 124 159
Y2015M06D17h18m42s35_2.jpeg 4 7 5 10 33 42 122 126 155 27 172 185 224 21 52 59 88
Y2015M06D18h16m26s08_1.jpeg 5 44 4 4 17 7 58 65 130 15 171 181 214 15 107 110 142 17 41 46 89
Y2015M06D18h16m26s08_10.jpeg 5 15 68 71 160 8 8 8 29 18 93 95 134 50 55 55 105 6 148 152 186
Y2015M06D18h16m26s08_2.jpeg 5 63 60 63 132 14 114 113 172 10 36 39 79 4 152 156 189 5 2 4 29
Y2015M06D18h16m26s08_3.jpeg 6 16 60 63 132 13 177 182 219 26 3 5 29 5 103 115 176 23 40 46 96 13 109 114 154
Y2015M06D18h16m26s08_4.jpeg 4 67 53 60 125 19 93 117 176 8 138 163 225 3 14 19 67
Y2015M06D18h16m26s08_5.jpeg 5 59 3 3 10 4 71 76 154 13 135 134 158 12 85 86 137 11 61 58 90
Y2015M06D18h16m26s08_6.jpeg 6 10 63 68 146 18 176 183 219 9 7 11 49 24 92 95 135 17 48 52 103 19 1 3 18
Y2015M06D18h16m26s08_7.jpeg 6 4 66 68 165 15 101 95 136 24 3 2 12 22 41 36 84 19 156 149 184 13 60 62 128
Y2015M06D18h16m26s08_8.jpeg 5 37 3 4 10 9 74 74 149 20 152 149 174 17 46 47 91 15 95 98 136
Y2015M06D18h16m26s08_9.jpeg 6 13 77 78 168 35 150 142 169 7 6 5 26 15 52 45 91 16 102 96 135 12 70 68 135
Y2015M06D24h10m41s16_1.jpeg 8 11 14 6 9 7 131 128 157 12 244 243 249 16 165 143 146 12 71 60 78 20 224 198 199 9 103 78 83 10 194 189 217
Y2015M06D24h10m41s16_10.jpeg 4 5 27 5 7 31 177 145 138 51 236 203 202 11 107 80 77
Y2015M06D24h10m41s16_2.jpeg 5 12 23 8 13 15 141 128 152 48 213 189 191 10 130 112 107 13 79 60 80
Y2015M06D24h10m41s16_3.jpeg 7 8 22 5 11 12 176 161 188 25 236 205 207 10 66 43 64 25 178 153 153 9 111 84 79 8 108 89 108
Y2015M06D24h10m41s16_4.jpeg 6 8 14 4 6 23 179 153 153 18 111 96 97 31 232 202 201 11 58 32 37 6 133 94 93
Y2015M06D24h10m41s16_5.jpeg 5 10 37 14 20 40 220 195 192 12 136 123 155 21 129 111 109 14 79 61 80
Y2015M06D24h10m41s16_6.jpeg 8 5 26 12 25 7 69 79 106 27 244 249 249 12 151 122 124 21 224 194 194 8 85 57 67 9 200 202 227 7 134 133 159
Y2015M06D24h10m41s16_7.jpeg 7 11 32 16 26 10 220 219 234 6 68 70 96 34 223 193 193 11 145 118 118 13 133 126 152 11 83 67 80
Y2015M06D24h10m41s16_8.jpeg 7 8 27 9 13 15 175 148 147 11 129 120 147 9 233 217 223 13 117 90 90 33 230 192 193 8 67 50 62
Y2015M06D24h10m41s16_9.jpeg 6 10 38 14 25 15 156 126 123 18 129 118 151 11 236 224 226 15 94 64 71 28 223 187 186
Y2015M06D24h10m55s25_1.jpeg 5 11 8 4 1 26 167 159 154 29 67 62 61 16 218 213 207 16 114 109 108
Y2015M06D24h12m35s44_1.jpeg 6 10 35 20 31 13 110 91 92 25 96 105 140 13 216 210 216 8 140 139 153 28 183 157 162
Y2015M06D24h12m35s44_10.jpeg 5 2 10 13 18 19 142 126 129 52 193 168 177 9 217 211 214 15 71 79 95
Y2015M06D24h12m35s44_2.jpeg 5 9 19 13 25 19 164 145 152 16 85 95 132 43 212 190 193 11 95 84 99
Y2015M06D24h12m35s44_3.jpeg 4 34 63 67 78 11 180 179 191 18 117 119 131 36 234 230 239
Y2015M06D24h12m35s44_4.jpeg 6 7 8 5 8 34 230 225 230 27 133 123 126 11 51 64 78 14 84 72 76 3 140 152 165
Y2015M06D24h12m35s44_5.jpeg 6 10 9 4 4 27 230 221 223 9 42 44 52 16 139 132 131 27 89 80 79 8 67 82 99
Y2015M06D24h12m35s44_6.jpeg 5 5 30 29 32 21 226 215 223 36 96 84 87 21 146 134 137 14 64 75 90
Y2015M06D24h12m35s44_7.jpeg 3 22 80 88 107 40 154 138 146 36 203 183 186
Y2015M06D24h12m35s44_8.jpeg 6 6 22 10 22 22 157 131 137 17 81 62 73 6 56 55 96 40 221 193 202 6 103 111 151
Y2015M06D24h12m35s44_9.jpeg 6 26 103 111 141 20 171 149 154 1 0 1 16 15 227 217 224 23 229 193 195 11 104 81 84
Y2015M06D24h17m59s30_1.jpeg 4 16 7 6 8 38 160 177 214 40 187 185 201 5 115 97 119
Y2015M06D24h17m59s30_10.jpeg 4 3 12 1 5 49 155 144 156 37 162 175 206 10 94 83 87
Y2015M06D24h17m59s30_2.jpeg 6 43 6 6 8 9 155 173 209 6 86 82 84 11 201 196 193 19 153 155 174 9 143 139 137
Y2015M06D24h17m59s30_3.jpeg 5 16 10 7 11 20 155 170 200 9 201 198 202 15 87 80 86 37 140 136 147
Y2015M06D24h17m59s30_4.jpeg 6 10 7 6 6 11 115 125 153 25 196 194 199 14 74 65 67 25 159 172 200 11 126 119 124
Y2015M06D24h17m59s30_5.jpeg 5 24 9 6 7 28 163 167 190 14 210 203 202 8 79 70 69 24 139 130 134
Y2015M06D24h17m59s30_6.jpeg 5 8 6 2 9 9 81 72 77 30 153 164 190 21 198 195 206 30 128 122 130
Y2015M06D24h17m59s30_7.jpeg 6 8 6 4 8 10 117 131 167 45 142 135 152 6 209 213 232 6 48 48 56 22 161 181 219
Y2015M06D24h17m59s30_8.jpeg 6 10 10 5 9 14 151 171 213 6 61 51 57 28 181 169 177 29 154 153 180 11 122 107 113
Y2015M06D24h17m59s30_9.jpeg 4 14 10 5 8 27 158 173 208 14 110 97 105 43 177 171 188
Y2015M06D29h18m06s13_1.jpeg 4 11 4 6 7 17 103 104 109 43 124 108 93 27 48 31 20
Y2015M06D29h18m06s13_2.jpeg 6 7 11 6 3 16 83 75 74 26 143 119 97 13 40 14 4 26 127 119 119 9 87 57 37
Y2015M06D29h18m06s13_3.jpeg 7 10 5 4 7 8 60 55 64 12 131 115 97 9 189 194 205 38 163 137 87 13 116 120 129 7 181 172 167
Y2015M06D29h18m06s13_4.jpeg 6 9 5 4 4 14 65 66 72 12 104 86 67 33 145 138 136 25 148 133 108 4 37 18 9
Y2015M06D29h18m06s13_5.jpeg 5 23 40 25 16 25 101 94 95 19 147 128 97 20 145 140 139 11 96 75 55
Y2015M06D29h18m06s13_6.jpeg 6 18 18 10 12 19 118 121 130 24 199 210 220 7 106 89 69 11 68 62 63 18 145 130 103
Y2015M06D29h18m06s13_7.jpeg 6 7 18 9 8 32 121 121 130 19 152 132 95 12 188 196 206 16 73 65 68 10 132 122 112
Y2015M06D29h18m06s13_8.jpeg 5 9 35 16 8 35 140 131 133 22 154 134 98 12 69 65 72 19 106 88 72
Y2015M06D29h18m34s24_1.jpeg 4 20 5 5 15 12 94 90 108 51 36 35 50 15 162 157 178
Y2015M06D29h18m34s24_10.jpeg 4 16 9 7 19 19 123 111 127 56 35 35 52 7 174 166 183
Y2015M06D29h18m34s24_2.jpeg 4 12 9 10 25 12 94 93 111 61 39 44 60 13 157 150 169
Y2015M06D29h18m34s24_3.jpeg 4 15 7 6 18 14 100 99 115 54 37 40 54 15 159 155 171
Y2015M06D29h18m34s24_4.jpeg 3 63 28 30 45 21 144 138 154 15 73 73 89
Y2015M06D29h18m34s24_5.jpeg 4 13 7 8 22 19 105 101 118 57 32 36 53 9 164 157 176
Y2015M06D29h18m34s24_6.jpeg 4 15 6 5 15 13 114 105 121 60 40 41 57 9 165 154 172
Y2015M06D29h18m34s24_7.jpeg 4 11 12 9 25 13 103 96 113 59 38 39 56 15 156 146 163
Y2015M06D29h18m34s24_8.jpeg 4 12 9 8 22 9 163 151 169 63 36 40 55 14 96 95 110
Y2015M06D29h18m34s24_9.jpeg 4 13 12 7 21 15 111 102 116 58 35 35 51 12 165 151 166
