Y2015M04D28h05m43s02_1.jpeg 4 22 19 5 10 6 126 102 102 62 52 41 51 8 175 157 159 0 0 0 0 0 0 0 0 0 0 0 0
Y2015M04D28h05m43s02_10.jpeg 4 22 13 5 6 17 102 76 70 47 47 39 43 12 152 136 133
Y2015M04D28h05m43s02_2.jpeg 4 24 10 5 7 18 204 193 198 51 44 38 47 5 120 111 115
Y2015M04D28h05m43s02_3.jpeg 4 22 12 5 8 12 112 94 96 35 48 37 43 28 199 184 187
Y2015M04D28h05m43s02_4.jpeg 5 22 8 4 7 3 115 105 111 58 50 45 52 12 216 206 211 3 167 158 163
Y2015M04D28h05m43s02_5.jpeg 5 17 10 5 7 4 142 137 138 55 44 38 44 10 101 81 82 11 207 193 194
Y2015M04D28h05m43s02_6.jpeg 4 69 32 27 31 5 146 136 138 10 81 66 65 14 202 194 191
Y2015M04D28h05m43s02_7.jpeg 4 28 7 4 5 65 45 40 49 2 129 124 124 3 205 200 201
Y2015M04D28h05m43s02_8.jpeg 4 19 9 5 9 3 113 107 111 61 47 39 47 14 202 192 196
Y2015M04D28h05m43s02_9.jpeg 5 20 11 5 8 17 207 197 198 50 45 40 49 6 99 78 81 5 148 137 140
Y2015M04D28h06m03s18_1.jpeg 4 24 11 7 12 16 116 107 115 42 65 55 63 17 180 175 179
Y2015M04D28h06m03s18_2.jpeg 4 32 7 5 8 45 61 53 64 13 194 188 192 8 123 115 122
Y2015M04D28h06m03s18_3.jpeg 4 30 10 7 9 15 185 179 183 42 57 50 59 11 111 102 106
Y2015M04D28h06m04s36_1.jpeg 6 23 9 6 14 5 133 151 176 25 43 42 54 28 190 184 191 11 145 131 142 5 86 69 80
Y2015M04D28h06m04s36_2.jpeg 5 31 8 4 10 6 116 110 117 34 42 37 53 24 184 173 183 3 128 90 107
Y2015M04D28h06m04s36_3.jpeg 5 29 9 5 11 9 144 139 148 26 43 41 52 28 196 187 195 6 105 82 92
Y2015M04D28h06m04s36_4.jpeg 6 20 8 5 12 7 125 127 143 54 41 40 54 6 129 84 97 4 181 169 175 7 63 32 45
Y2015M04D28h06m04s36_5.jpeg 5 32 8 5 10 7 134 130 144 22 192 185 191 33 46 42 58 4 142 110 118
Y2015M04D28h06m04s36_6.jpeg 4 25 11 6 10 17 106 108 126 51 58 49 56 3 166 160 164
Y2015M04D28h06m04s36_7.jpeg 5 13 13 9 17 5 60 34 43 74 43 43 59 1 118 104 125 4 116 67 84
Y2015M04D28h06m04s36_8.jpeg 4 33 8 5 10 7 124 116 125 38 47 44 57 19 188 181 186
Y2015M04D28h06m04s36_9.jpeg 4 27 13 4 12 13 116 99 107 53 45 36 48 6 194 186 191
Y2015M04D28h06m06s06_1.jpeg 5 16 11 6 12 9 106 96 93 46 48 45 60 19 171 159 165 9 100 99 122
Y2015M04D28h06m06s06_10.jpeg 4 12 8 5 8 14 186 177 182 59 44 41 55 13 89 88 102
Y2015M04D28h06m06s06_2.jpeg 6 14 11 6 11 16 185 173 176 38 43 44 62 9 76 60 64 12 82 92 118 9 120 105 103
Y2015M04D28h06m06s06_3.jpeg 5 16 10 5 10 13 72 75 89 16 152 143 149 34 40 38 51 19 92 74 75
Y2015M04D28h06m06s06_4.jpeg 5 30 8 5 7 16 151 144 143 26 45 41 49 18 200 193 194 8 92 82 81
Y2015M04D28h06m06s06_5.jpeg 5 14 7 5 9 19 173 162 164 22 72 74 94 10 101 85 80 34 39 38 50
Y2015M04D28h06m06s06_6.jpeg 5 28 4 2 3 22 179 172 176 30 42 40 54 10 74 74 98 8 78 69 72
Y2015M04D28h06m06s06_7.jpeg 6 13 13 6 8 10 144 138 137 15 71 75 91 13 88 76 71 40 41 36 43 6 196 191 186
Y2015M04D28h06m06s06_8.jpeg 4 50 31 27 39 5 146 138 148 28 71 70 88 15 199 191 198
Y2015M04D28h06m06s06_9.jpeg 5 24 5 3 4 19 184 177 181 40 40 37 51 8 81 69 71 7 86 87 109
Y2015M04D29h04m23s27_1.jpeg 4 14 12 5 4 30 200 190 187 14 66 49 47 40 117 99 96
Y2015M04D29h04m23s27_10.jpeg 5 4 15 12 17 7 150 144 146 71 122 104 101 4 213 213 220 11 71 64 64
Y2015M04D29h04m23s27_2.jpeg 4 10 18 8 9 56 93 78 76 9 180 170 174 23 57 48 58
Y2015M04D29h04m23s27_3.jpeg 4 12 15 6 5 14 82 66 64 24 204 192 190 49 132 115 114
Y2015M04D29h04m23s27_4.jpeg 5 9 18 6 4 50 111 93 89 9 164 150 147 23 67 50 48 7 218 203 197
Y2015M04D29h04m23s27_5.jpeg 4 5 17 9 6 71 115 98 94 5 187 180 183 17 54 45 51
Y2015M04D29h04m23s27_6.jpeg 4 6 25 13 13 63 119 101 95 18 74 58 54 12 185 177 181
Y2015M04D29h04m23s27_7.jpeg 3 16 71 56 52 78 122 102 99 4 176 164 162
Y2015M04D29h04m23s27_8.jpeg 4 6 8 4 2 73 98 82 80 5 173 170 167 14 50 40 39
Y2015M04D29h04m23s27_9.jpeg 4 2 24 14 21 69 116 96 97 14 165 155 160 13 72 56 59
Y2015M04D29h05m39s56_1.jpeg 4 28 9 8 15 17 110 107 116 8 160 156 164 45 43 41 53
Y2015M04D29h05m39s56_2.jpeg 3 58 28 24 34 25 161 156 166 16 90 86 96
Y2015M04D29h05m39s56_3.jpeg 4 32 8 6 12 18 149 146 151 17 202 199 206 31 48 44 53
Y2015M04D29h05m39s56_4.jpeg 4 25 9 5 14 7 112 107 117 47 38 36 49 19 193 188 197
Y2015M04D29h05m39s56_5.jpeg 4 25 8 7 13 11 138 136 143 55 38 38 48 7 206 203 207
Y2015M04D29h05m39s56_6.jpeg 5 18 8 7 18 7 99 100 112 60 38 38 53 7 208 204 212 5 156 152 164
Y2015M04D29h05m39s56_7.jpeg 5 25 8 5 12 6 108 109 118 46 41 40 51 14 206 201 206 7 160 153 160
Y2015M04D29h05m39s56_8.jpeg 4 9 12 8 15 8 138 132 140 74 46 45 55 7 186 181 188
Y2015M04D29h05m40s23_1.jpeg 4 8 12 9 18 75 52 57 75 11 112 109 119 4 173 169 181
Y2015M04D29h05m40s23_10.jpeg 1 99 61 72 95
Y2015M04D29h05m40s23_2.jpeg 3 14 9 8 17 75 56 62 80 10 124 123 133
Y2015M04D29h05m40s23_3.jpeg 3 12 15 14 25 13 151 152 160 73 65 70 86
Y2015M04D29h05m40s23_4.jpeg 2 86 64 70 87 13 118 117 122
Y2015M04D29h05m40s23_5.jpeg 4 11 13 12 25 70 57 60 78 13 104 107 121 4 165 164 176
Y2015M04D29h05m40s23_6.jpeg 3 10 27 28 43 84 68 72 90 5 129 127 137
Y2015M04D29h05m40s23_7.jpeg 2 97 69 68 85 2 137 134 137
Y2015M04D29h05m40s23_8.jpeg 4 8 8 10 24 11 185 187 197 71 60 69 89 8 106 114 129
Y2015M04D29h05m40s23_9.jpeg 5 3 8 11 20 33 72 84 108 15 80 71 81 43 38 44 63 4 117 117 123
Y2015M04D30h03m37s58_1.jpeg 4 19 3 9 24 16 101 109 130 36 40 49 71 28 169 178 196
Y2015M04D30h03m37s58_10.jpeg 3 6 5 12 26 12 95 105 117 80 40 58 86
Y2015M04D30h03m37s58_2.jpeg 4 21 6 15 25 67 43 56 76 4 134 145 158 6 74 84 92
Y2015M04D30h03m37s58_3.jpeg 4 21 4 10 28 13 108 116 136 39 45 50 76 25 171 182 199
Y2015M04D30h03m37s58_4.jpeg 4 21 4 9 24 28 172 181 199 41 41 52 75 8 106 117 135
Y2015M04D30h03m37s58_5.jpeg 3 14 5 12 30 17 148 160 181 67 44 59 87
Y2015M04D30h03m37s58_6.jpeg 5 20 3 8 22 12 131 138 157 46 36 47 71 10 77 86 106 9 176 185 202
Y2015M04D30h03m37s58_7.jpeg 3 22 5 12 29 30 152 163 183 46 46 57 83
Y2015M04D30h03m37s58_8.jpeg 4 22 5 10 29 15 121 130 149 18 172 183 205 43 44 54 79
Y2015M04D30h03m37s58_9.jpeg 4 30 5 10 25 11 119 128 144 52 41 51 72 5 177 188 206
Y2015M04D30h04m06s21_1.jpeg 5 11 2 6 14 24 122 155 194 17 42 59 83 12 151 169 189 34 71 95 131
Y2015M04D30h04m06s21_10.jpeg 4 78 71 102 148 2 5 12 27 7 112 128 140 12 50 69 98
Y2015M04D30h04m06s21_2.jpeg 5 9 3 8 18 13 152 169 189 48 68 91 124 20 41 55 79 8 93 105 121
Y2015M04D30h04m06s21_3.jpeg 3 82 74 102 143 12 51 66 94 4 102 116 132
Y2015M04D30h04m06s21_4.jpeg 4 58 1 2 3 11 46 64 89 13 143 160 179 16 79 109 148
Y2015M04D30h04m06s21_5.jpeg 4 2 2 6 11 10 102 120 138 77 80 109 153 8 48 66 89
Y2015M04D30h04m06s21_6.jpeg 4 16 3 5 11 23 41 56 79 14 150 168 189 45 62 87 121
Y2015M04D30h04m06s21_7.jpeg 5 4 2 6 14 7 139 165 192 51 63 91 126 9 92 108 123 27 42 58 78
Y2015M04D30h04m06s21_8.jpeg 3 9 20 30 50 79 60 83 116 11 89 122 168
Y2015M04D30h04m06s21_9.jpeg 2 79 58 85 118 20 105 137 175
Y2015M04D30h05m24s42_1.jpeg 4 18 11 6 10 11 119 115 119 55 50 44 49 14 204 202 204
Y2015M04D30h05m24s42_10.jpeg 3 24 7 5 5 20 182 176 175 55 52 49 55
Y2015M04D30h05m24s42_2.jpeg 4 5 7 6 6 89 45 44 53 3 96 87 94 1 137 134 134
Y2015M04D30h05m24s42_3.jpeg 5 20 8 5 9 7 140 137 140 59 49 46 56 8 205 198 203 4 91 87 91
Y2015M04D30h05m24s42_4.jpeg 5 23 5 5 6 7 138 137 138 54 41 40 46 7 84 82 84 6 193 193 193
Y2015M04D30h05m24s42_5.jpeg 4 36 7 5 6 5 181 180 179 5 101 100 100 52 47 43 49
Y2015M04D30h05m24s42_6.jpeg 4 13 13 8 8 9 133 129 129 71 49 44 49 4 192 186 187
Y2015M04D30h05m24s42_7.jpeg 3 6 16 10 15 8 133 128 131 84 50 48 56
Y2015M04D30h05m24s42_8.jpeg 3 10 9 7 9 83 51 48 59 6 131 127 128
Y2015M04D30h05m24s42_9.jpeg 4 12 11 6 10 73 47 42 48 9 92 83 87 5 142 137 141
Y2015M04D30h12m04s09_1.jpeg 4 6 3 5 3 4 69 74 63 50 174 181 170 39 130 130 124
Y2015M04D30h12m04s09_2.jpeg 4 5 24 21 15 53 138 137 128 9 231 225 218 31 95 94 86
Y2015M04D30h12m04s09_3.jpeg 5 21 6 7 5 14 94 96 87 17 178 190 174 39 138 139 132 7 238 235 231
Y2015M04D30h12m04s09_4.jpeg 5 3 2 2 1 59 149 155 145 3 52 56 44 12 198 203 194 20 103 102 95
Y2015M04D30h12m04s09_5.jpeg 4 18 4 4 3 9 89 87 82 65 137 135 131 6 222 216 210
Y2015M04D30h12m04s09_6.jpeg 3 50 84 79 74 48 137 140 130 1 234 224 222
Y2015M04D30h12m04s09_7.jpeg 5 6 10 9 6 32 167 178 163 18 76 74 68 9 221 223 212 32 119 119 111
Y2015M04D30h12m04s09_8.jpeg 4 1 26 18 17 73 121 119 113 5 221 212 212 19 76 70 66
Y2015M04D30h12m04s09_9.jpeg 5 7 7 5 4 8 74 73 66 43 163 169 159 10 231 228 221 30 118 120 111
Y2015M04D30h12m12s38_1.jpeg 4 13 21 16 21 26 221 219 223 48 78 76 86 11 145 140 146
Y2015M04D30h12m12s38_2.jpeg 4 16 13 9 13 16 151 143 146 54 69 63 70 11 211 202 206
Y2015M04D30h12m12s38_3.jpeg 4 12 10 8 14 29 96 101 119 6 210 202 204 50 57 55 68
Y2015M04D30h12m12s38_4.jpeg 4 29 8 5 8 43 50 45 52 11 154 148 155 15 86 82 92
Y2015M04D30h12m12s38_5.jpeg 4 18 18 13 19 20 200 191 194 15 118 113 122 45 70 67 77
Y2015M05D06h03m18s49_1.jpeg 5 6 12 9 23 75 195 200 221 7 170 163 174 6 52 48 70 3 104 99 116
Y2015M05D06h03m18s49_10.jpeg 4 8 5 4 9 7 70 61 73 76 187 194 217 8 131 123 131
Y2015M05D06h03m18s49_2.jpeg 4 29 4 4 7 8 130 121 127 55 187 188 205 6 56 49 55
Y2015M05D06h03m18s49_3.jpeg 5 14 5 3 6 60 175 176 194 6 42 35 41 8 88 79 84 9 137 129 132
Y2015M05D06h03m18s49_4.jpeg 5 10 4 3 6 53 183 189 216 5 48 40 49 15 175 170 177 14 103 89 92
Y2015M05D06h03m18s49_5.jpeg 6 14 5 4 7 5 57 49 60 53 196 205 232 8 129 135 157 11 163 155 160 7 96 87 93
Y2015M05D06h03m18s49_6.jpeg 4 7 12 8 19 75 169 170 192 9 60 53 63 8 118 110 123
Y2015M05D06h03m18s49_7.jpeg 4 25 5 4 7 64 188 194 217 4 57 47 58 5 117 107 119
Y2015M05D06h03m18s49_8.jpeg 4 28 6 4 7 55 180 184 204 8 71 60 67 7 129 118 122
Y2015M05D06h03m18s49_9.jpeg 5 10 10 6 11 18 170 168 178 49 185 194 222 9 64 53 57 12 114 101 103
Y2015M05D06h09m23s16_1.jpeg 3 4 8 7 18 93 29 32 44 1 91 90 96
Y2015M05D06h09m23s16_2.jpeg 2 95 22 26 38 4 74 76 86
Y2015M05D06h09m23s16_3.jpeg 3 9 5 6 13 86 27 35 43 3 72 79 89
Y2015M05D06h09m23s16_4.jpeg 3 13 6 8 14 82 31 36 48 4 88 89 96
Y2015M05D07h04m11s44_1.jpeg 4 24 11 5 7 6 136 127 128 45 59 49 57 22 201 194 194
Y2015M05D07h05m39s29_1.jpeg 3 33 6 10 28 53 48 54 76 12 141 146 163
Y2015M05D07h05m39s29_10.jpeg 5 14 4 10 28 19 81 86 106 55 38 45 67 6 127 137 157 3 177 192 208
Y2015M05D07h05m39s29_2.jpeg 4 27 3 6 15 10 115 123 144 37 39 48 68 24 176 186 206
Y2015M05D07h05m39s29_3.jpeg 4 14 4 10 27 10 94 99 124 58 42 50 70 15 152 158 180
Y2015M05D07h05m39s29_4.jpeg 3 9 4 6 26 12 145 149 169 78 42 51 74
Y2015M05D07h05m39s29_5.jpeg 3 28 4 9 21 66 43 49 68 5 141 151 159
Y2015M05D07h05m39s29_6.jpeg 4 24 6 9 31 64 40 46 68 4 92 101 114 6 147 165 184
Y2015M05D07h05m39s29_7.jpeg 4 24 4 8 23 14 120 127 147 40 42 51 73 20 179 191 211
Y2015M05D07h05m39s29_8.jpeg 4 27 3 7 23 7 112 121 142 39 39 48 69 25 176 184 206
Y2015M05D07h05m39s29_9.jpeg 5 21 4 9 27 5 94 103 122 56 36 44 63 10 184 199 222 6 139 149 170
Y2015M05D07h10m50s24_1.jpeg 4 69 5 4 5 16 59 54 63 5 179 172 170 9 105 97 97
Y2015M05D07h10m50s24_10.jpeg 2 8 9 4 11 91 44 50 66
Y2015M05D07h10m50s24_2.jpeg 7 29 7 6 7 13 40 47 70 8 153 150 152 14 90 97 128 15 76 74 80 12 215 207 211 6 146 155 187
Y2015M05D07h10m50s24_3.jpeg 7 24 6 4 5 6 30 42 70 12 192 187 187 22 86 95 122 10 120 118 126 6 164 172 205 17 60 57 66
Y2015M05D07h10m50s24_4.jpeg 5 34 7 5 5 35 60 58 66 12 197 192 189 6 106 113 136 10 120 118 118
Y2015M05D07h10m50s24_5.jpeg 4 51 5 6 7 33 59 59 64 6 160 161 159 9 101 102 103
Y2015M05D07h10m50s24_6.jpeg 3 73 6 6 8 2 161 161 161 23 65 66 70
Y2015M05D07h10m50s24_7.jpeg 4 65 2 2 4 26 28 32 38 6 66 66 70 1 112 113 128
Y2015M05D07h10m50s24_8.jpeg 2 93 1 1 1 6 43 43 48
Y2015M05D07h10m50s24_9.jpeg 4 68 2 2 2 23 37 35 38 6 90 89 90 1 152 151 151
Y2015M05D08h06m00s16_1.jpeg 5 54 31 42 68 6 93 107 134 8 162 176 188 4 59 88 82 24 2 8 29
Y2015M05D08h06m00s16_10.jpeg 4 14 2 8 28 29 177 193 216 45 33 46 72 9 91 104 130
Y2015M05D08h06m00s16_2.jpeg 3 39 4 11 30 22 168 172 191 38 37 48 76
Y2015M05D08h06m00s16_3.jpeg 4 28 5 11 33 10 128 142 165 31 45 55 81 29 187 202 223
Y2015M05D08h06m00s16_4.jpeg 3 27 4 9 36 22 145 156 178 49 45 54 79
Y2015M05D08h06m00s16_5.jpeg 4 24 5 12 31 9 159 172 195 56 42 56 78 9 99 111 137
Y2015M05D08h06m00s16_6.jpeg 4 16 3 8 35 53 180 197 219 18 35 44 71 12 93 107 131
Y2015M05D08h06m00s16_7.jpeg 4 35 4 11 33 53 41 51 76 3 147 156 175 6 78 90 108
Y2015M05D08h06m00s16_8.jpeg 4 21 3 9 25 75 36 47 73 2 121 131 144 1 183 193 206
Y2015M05D08h06m00s16_9.jpeg 4 20 4 9 30 11 118 131 156 40 40 52 80 27 180 196 219
Y2015M05D11h04m24s03_1.jpeg 4 17 14 22 55 12 151 167 216 60 62 71 101 8 148 153 180
Y2015M05D11h04m24s03_10.jpeg 4 10 22 29 46 79 60 70 94 6 163 164 182 4 101 101 118
Y2015M05D11h04m24s03_2.jpeg 3 26 6 8 23 27 172 178 202 46 60 70 98
Y2015M05D11h04m24s03_3.jpeg 4 11 4 6 24 29 168 174 201 15 32 40 70 43 72 80 115
Y2015M05D11h04m24s03_4.jpeg 3 14 10 15 39 13 155 160 186 71 59 69 99
Y2015M05D11h04m24s03_5.jpeg 4 13 12 13 34 72 55 66 92 8 162 178 216 6 146 146 163
Y2015M05D11h04m24s03_6.jpeg 3 13 11 16 36 14 151 155 172 72 57 66 93
Y2015M05D11h04m24s03_7.jpeg 3 18 7 11 32 69 57 68 94 11 127 134 150
Y2015M05D11h04m24s03_8.jpeg 3 11 18 25 49 82 66 78 106 5 110 118 141
Y2015M05D11h04m24s03_9.jpeg 3 8 31 37 60 84 67 79 106 6 146 149 165
Y2015M05D11h04m51s39_1.jpeg 3 1 26 35 57 87 144 155 191 11 93 100 126
Y2015M05D11h04m51s39_2.jpeg 5 6 5 8 19 58 132 149 185 3 79 83 100 26 136 143 160 5 180 190 210
Y2015M05D11h04m51s39_3.jpeg 3 4 5 9 24 83 141 158 201 11 156 163 186
Y2015M05D11h04m51s39_4.jpeg 3 5 5 8 20 81 143 159 205 12 151 159 181
Y2015M05D11h04m51s39_5.jpeg 4 3 6 8 22 85 134 149 183 4 88 96 121 6 177 182 207
Y2015M05D11h04m51s39_6.jpeg 2 5 80 91 131 94 142 161 207
Y2015M05D11h04m51s39_7.jpeg 3 1 1 3 18 86 139 157 200 11 152 161 187
Y2015M05D11h04m51s39_8.jpeg 1 99 134 150 188
Y2015M05D11h05m59s49_1.jpeg 4 11 6 17 47 38 160 179 207 37 55 71 106 12 1 4 10
Y2015M05D11h05m59s49_10.jpeg 4 10 4 14 39 12 123 142 173 63 47 66 98 12 174 190 213
Y2015M05D11h05m59s49_2.jpeg 5 2 0 6 30 11 97 120 154 63 52 70 105 14 157 175 205 8 15 33 66
Y2015M05D11h05m59s49_3.jpeg 4 14 7 17 42 18 111 131 158 61 51 66 96 4 165 187 205
Y2015M05D11h05m59s49_4.jpeg 5 10 7 20 49 11 132 151 182 64 55 75 110 9 1 4 14 5 180 195 217
Y2015M05D11h05m59s49_5.jpeg 5 10 3 8 23 8 127 144 176 12 16 35 65 56 53 73 104 11 174 191 218
Y2015M05D11h05m59s49_6.jpeg 3 7 5 13 40 16 127 145 178 76 52 64 97
Y2015M05D11h05m59s49_7.jpeg 4 15 2 9 25 74 53 75 106 5 132 158 187 4 175 186 199
Y2015M05D11h05m59s49_8.jpeg 4 12 5 15 40 29 125 139 167 6 206 232 245 50 46 61 87
Y2015M05D11h05m59s49_9.jpeg 4 22 4 10 29 5 125 141 167 40 50 69 99 31 177 195 219
Y2015M05D11h12m15s40_1.jpeg 5 7 5 9 19 32 87 88 103 7 209 212 223 42 127 133 155 9 45 49 58
Y2015M05D11h12m15s40_10.jpeg 7 9 16 17 28 20 136 155 186 4 177 174 178 6 46 57 82 27 74 70 74 19 98 104 122 11 234 227 228
Y2015M05D11h12m15s40_2.jpeg 6 5 26 25 39 8 157 147 149 20 95 101 122 14 81 75 81 24 141 150 175 25 228 221 223
Y2015M05D11h12m15s40_3.jpeg 5 6 7 4 3 67 103 97 101 8 211 201 196 5 108 73 84 11 52 49 48
Y2015M05D11h12m15s40_4.jpeg 6 4 13 10 13 19 228 223 225 11 66 72 92 36 119 129 153 12 86 78 82 15 142 139 143
Y2015M05D11h12m15s40_5.jpeg 5 5 14 15 25 28 149 164 191 34 108 117 136 7 219 217 219 23 71 73 86
Y2015M05D11h12m15s40_6.jpeg 5 2 14 13 21 36 119 128 152 29 154 171 202 5 205 201 212 25 75 72 83
Y2015M05D11h12m15s40_7.jpeg 6 9 8 8 13 26 151 164 189 8 226 220 221 21 75 72 77 8 153 143 143 26 99 107 122
Y2015M05D11h12m15s40_8.jpeg 4 45 77 78 88 42 121 122 139 7 119 74 92 4 176 144 155
Y2015M05D11h12m15s40_9.jpeg 6 19 4 3 3 9 49 45 49 7 220 213 211 45 89 83 87 12 115 121 141 6 138 129 131
Y2015M05D11h12m21s33_1.jpeg 5 13 40 40 48 10 183 179 196 19 102 104 132 46 100 97 103 10 240 237 242
Y2015M05D11h12m21s33_10.jpeg 5 9 7 6 10 41 121 136 162 4 217 211 207 33 78 76 86 10 120 117 123
Y2015M05D11h12m21s33_2.jpeg 5 17 6 9 9 8 90 100 122 25 140 157 178 4 224 217 224 44 87 88 89
Y2015M05D11h12m21s33_3.jpeg 5 14 16 14 20 24 240 234 233 47 81 77 85 5 124 127 150 7 157 151 155
Y2015M05D11h12m21s33_4.jpeg 5 8 27 30 43 34 130 146 171 37 84 90 108 7 220 220 221 11 96 85 87
Y2015M05D11h12m21s33_5.jpeg 5 15 4 3 5 29 124 135 155 35 76 74 82 12 235 229 230 6 161 155 159
Y2015M05D11h12m21s33_6.jpeg 5 12 7 5 7 17 231 226 228 33 69 68 80 27 112 117 137 8 146 140 145
Y2015M05D11h12m21s33_7.jpeg 4 11 13 11 13 12 220 215 220 64 85 84 93 11 138 134 139
Y2015M05D11h12m21s33_8.jpeg 6 9 7 6 8 2 192 198 228 33 68 63 69 38 103 103 119 9 235 228 228 6 169 161 167
Y2015M05D11h12m21s33_9.jpeg 5 5 19 17 27 16 230 225 227 21 120 132 154 42 83 82 90 14 140 140 146
Y2015M05D12h05m50s23_1.jpeg 4 22 8 5 10 22 195 190 196 46 44 40 50 8 105 103 108
Y2015M05D12h05m50s23_10.jpeg 4 17 10 5 10 17 190 185 188 55 42 35 45 8 108 104 108
Y2015M05D12h05m50s23_2.jpeg 5 27 9 5 11 8 140 133 142 39 42 36 45 10 85 79 88 14 192 187 195
Y2015M05D12h05m50s23_3.jpeg 4 24 9 4 10 10 124 118 126 34 49 42 52 30 198 192 200
Y2015M05D12h05m50s23_4.jpeg 5 28 10 6 10 11 156 152 156 23 204 200 206 5 97 90 98 31 50 42 49
Y2015M05D12h05m50s23_5.jpeg 4 25 10 5 13 12 192 185 193 51 43 38 49 10 103 99 106
Y2015M05D12h05m50s23_6.jpeg 4 20 10 6 11 14 174 167 175 54 48 42 52 10 103 97 105
Y2015M05D12h05m50s23_7.jpeg 5 20 8 7 9 2 135 134 136 65 42 40 46 8 80 80 83 3 184 182 183
Y2015M05D12h05m50s23_8.jpeg 3 32 16 9 14 8 130 128 133 58 52 47 53
Y2015M05D12h05m50s23_9.jpeg 4 8 15 9 17 4 172 165 173 72 45 40 50 14 83 81 90
Y2015M05D12h09m27s05_1.jpeg 3 23 7 10 16 65 35 41 48 10 84 86 92
Y2015M05D12h09m27s05_10.jpeg 3 17 5 7 15 74 38 42 52 7 102 103 112
Y2015M05D12h09m27s05_2.jpeg 3 91 37 44 60 4 89 88 96 3 148 146 155
Y2015M05D12h09m27s05_3.jpeg 3 8 6 7 14 18 112 112 125 72 40 47 61
Y2015M05D12h09m27s05_4.jpeg 3 18 7 9 16 9 126 129 137 71 38 44 54
Y2015M05D12h09m27s05_5.jpeg 2 88 37 40 51 11 112 110 122
Y2015M05D12h09m27s05_6.jpeg 2 91 39 45 58 8 116 115 124
Y2015M05D12h09m27s05_7.jpeg 3 5 10 12 21 93 45 54 69 1 126 126 135
Y2015M05D12h09m27s05_8.jpeg 4 11 6 7 13 15 83 84 92 68 38 45 56 3 145 149 160
Y2015M05D12h09m27s05_9.jpeg 4 26 4 5 9 12 87 88 95 50 36 41 52 10 140 142 151
Y2015M05D13h03m55s12_1.jpeg 3 44 7 4 4 33 79 64 62 21 160 141 140
Y2015M05D13h04m11s09_1.jpeg 5 29 5 4 5 18 214 207 208 28 57 52 61 18 104 102 113 5 158 154 158
Y2015M05D13h04m11s09_10.jpeg 4 11 9 7 11 19 203 195 196 39 57 56 67 29 94 96 111
Y2015M05D13h04m11s09_2.jpeg 5 11 8 7 14 15 42 43 57 59 83 84 97 6 150 150 159 6 103 96 93
Y2015M05D13h04m11s09_3.jpeg 4 31 14 8 10 10 145 134 136 45 71 64 68 12 205 195 197
Y2015M05D13h04m11s09_4.jpeg 4 28 18 10 10 58 69 62 63 5 137 120 116 7 181 169 168
Y2015M05D13h04m11s09_5.jpeg 4 10 11 9 10 34 90 94 103 8 172 165 162 47 56 54 62
Y2015M05D13h04m11s09_6.jpeg 4 18 25 12 16 3 136 118 124 73 74 63 70 4 184 175 176
Y2015M05D13h04m11s09_7.jpeg 3 16 17 8 12 74 70 63 69 8 168 150 152
Y2015M05D13h04m11s09_8.jpeg 3 18 20 10 12 18 168 146 149 62 71 62 67
Y2015M05D13h04m11s09_9.jpeg 4 16 18 9 10 13 200 189 190 63 67 62 70 6 102 96 101
Y2015M05D13h05m01s20_1.jpeg 4 23 14 7 14 64 64 57 67 6 137 130 139 5 197 192 200
Y2015M05D13h05m01s20_2.jpeg 4 14 16 9 14 77 63 56 68 5 104 100 103 2 156 152 157
Y2015M05D13h05m01s20_3.jpeg 4 15 10 7 11 78 62 54 68 3 127 121 128 1 174 169 174
Y2015M05D13h05m01s20_4.jpeg 5 16 11 7 11 4 150 144 150 66 64 55 70 5 99 94 99 7 199 192 198
Y2015M05D13h05m01s20_5.jpeg 3 13 10 6 12 11 173 168 173 74 61 55 68
Y2015M05D13h05m01s20_6.jpeg 3 17 12 8 15 80 60 53 66 2 135 131 134
Y2015M05D13h05m01s20_7.jpeg 3 10 9 5 11 86 59 49 62 2 137 135 143
Y2015M05D13h05m22s23_1.jpeg 4 4 12 9 17 29 152 161 184 50 89 95 118 15 49 49 66
Y2015M05D13h05m22s23_10.jpeg 4 16 19 15 26 31 64 63 78 18 177 160 170 33 115 112 126
Y2015M05D13h05m22s23_2.jpeg 4 6 10 11 23 48 130 142 170 26 75 80 103 17 176 180 197
Y2015M05D13h05m22s23_3.jpeg 4 18 5 4 8 13 34 32 39 58 105 106 122 9 165 160 175
Y2015M05D13h05m22s23_4.jpeg 5 18 5 5 7 17 145 154 177 11 54 54 69 31 194 193 204 20 92 96 115
Y2015M05D13h05m22s23_5.jpeg 4 21 6 5 8 14 59 54 67 24 178 177 180 38 127 135 156
Y2015M05D13h05m22s23_6.jpeg 4 11 39 45 64 34 142 158 187 43 90 99 126 11 179 182 195
Y2015M05D13h05m22s23_7.jpeg 4 13 28 29 40 39 125 134 154 36 70 79 100 10 178 183 203
Y2015M05D13h05m22s23_8.jpeg 4 13 42 40 51 38 137 152 179 41 80 86 108 7 140 140 148
Y2015M05D13h05m22s23_9.jpeg 5 4 7 9 17 38 138 156 185 32 88 98 124 19 176 178 192 4 48 51 68
Y2015M05D13h06m36s48_1.jpeg 5 9 6 5 12 32 182 180 191 11 40 41 63 31 84 86 109 15 130 131 152
Y2015M05D13h06m36s48_2.jpeg 4 13 13 13 27 21 175 177 189 26 55 56 73 37 97 100 117
Y2015M05D13h06m36s48_3.jpeg 4 57 63 63 86 31 103 114 141 5 120 108 121 5 142 153 180
Y2015M05D14h10m22s25_1.jpeg 1 99 22 25 34
Y2015M05D14h10m22s25_2.jpeg 1 99 21 23 32
Y2015M05D14h10m22s25_3.jpeg 2 48 2 2 3 51 32 33 40
Y2015M05D14h10m22s25_4.jpeg 3 52 19 28 40 21 63 73 94 26 124 130 155
Y2015M05D14h10m22s25_5.jpeg 1 99 29 30 40
Y2015M05D14h10m22s25_6.jpeg 2 91 15 20 27 8 89 94 92
Y2015M05D14h10m22s25_7.jpeg 2 84 20 25 36 15 130 136 164
Y2015M05D14h10m22s25_8.jpeg 4 24 3 4 9 59 29 35 48 2 169 178 192 13 69 75 87
Y2015M05D14h10m22s25_9.jpeg 3 75 27 29 41 22 59 65 77 2 201 221 231
Y2015M05D14h12m39s01_1.jpeg 4 7 25 16 14 17 231 222 223 61 75 64 65 13 135 120 124
Y2015M05D14h12m39s01_10.jpeg 5 8 38 21 21 9 156 142 142 55 85 70 67 21 238 226 223 5 214 172 167
Y2015M05D14h12m39s01_2.jpeg 5 15 11 6 6 6 177 169 170 54 72 59 64 9 240 233 233 13 106 96 98
Y2015M05D14h12m39s01_3.jpeg 4 25 10 4 4 29 244 235 232 34 82 67 70 10 160 146 146
Y2015M05D14h12m39s01_4.jpeg 5 16 14 6 6 7 180 165 165 39 74 61 62 12 119 104 106 23 242 231 229
Y2015M05D14h12m39s01_5.jpeg 5 9 19 7 6 10 196 183 184 43 78 63 62 14 136 121 125 21 247 236 234
Y2015M05D14h12m39s01_6.jpeg 5 10 17 5 5 8 168 149 149 14 59 42 42 41 96 79 80 24 242 230 228
Y2015M05D14h12m39s01_7.jpeg 4 5 20 9 8 8 168 152 153 65 86 71 73 21 244 233 232
Y2015M05D14h12m39s01_8.jpeg 4 10 18 8 7 17 240 231 226 57 82 70 70 13 129 116 117
Y2015M05D14h12m39s01_9.jpeg 4 11 15 8 6 8 170 159 154 61 88 74 74 18 245 236 231
Y2015M05D14h14m55s10_1.jpeg 4 20 8 7 10 10 126 122 126 52 63 61 69 16 193 190 191
Y2015M05D14h14m55s10_2.jpeg 4 9 7 12 16 72 77 84 102 15 48 52 59 2 137 141 153
Y2015M05D14h15m51s53_1.jpeg 4 22 14 6 11 12 198 191 195 61 51 44 52 3 126 115 122
Y2015M05D14h15m51s53_10.jpeg 4 17 12 6 6 15 179 173 170 60 44 40 45 6 97 86 85
Y2015M05D14h15m51s53_2.jpeg 5 17 13 7 11 6 133 129 139 53 59 54 64 15 196 187 187 6 181 184 204
Y2015M05D14h15m51s53_3.jpeg 5 23 13 7 10 5 149 139 144 6 93 84 88 11 195 185 187 52 46 40 46
Y2015M05D14h15m51s53_4.jpeg 4 18 9 5 8 5 110 108 116 51 42 37 45 24 194 189 193
Y2015M05D14h15m51s53_5.jpeg 4 20 8 4 6 68 50 46 53 6 193 186 188 3 117 110 112
Y2015M05D14h15m51s53_6.jpeg 3 18 10 5 7 10 189 180 181 71 54 51 58
Y2015M05D14h15m51s53_7.jpeg 4 10 11 6 8 2 144 138 139 79 57 54 61 7 194 189 189
Y2015M05D14h15m51s53_8.jpeg 4 20 6 5 6 4 113 113 122 50 43 39 49 25 185 183 187
Y2015M05D14h15m51s53_9.jpeg 4 23 5 4 5 7 118 123 134 47 43 41 49 21 183 182 187
Y2015M05D14h16m55s39_1.jpeg 4 10 15 8 11 31 208 196 200 20 63 51 55 37 122 108 114
Y2015M05D14h16m55s39_10.jpeg 4 16 13 5 7 22 58 49 50 6 180 175 177 54 105 99 107
Y2015M05D14h16m55s39_2.jpeg 4 12 15 7 10 36 204 194 197 23 58 48 51 28 109 99 102
Y2015M05D14h16m55s39_3.jpeg 4 8 23 11 15 52 115 104 111 12 185 174 182 26 68 54 58
Y2015M05D14h16m55s39_4.jpeg 4 22 6 3 3 32 200 192 195 12 46 37 42 32 95 88 93
Y2015M05D14h16m55s39_5.jpeg 5 15 18 9 13 17 67 54 57 6 166 155 156 53 110 105 113 6 224 211 211
Y2015M05D14h16m55s39_6.jpeg 4 21 29 19 21 64 87 78 81 5 187 180 181 7 127 116 116
Y2015M05D14h16m55s39_7.jpeg 4 17 14 7 10 15 70 56 61 15 190 180 186 52 117 106 113
Y2015M05D14h16m55s39_8.jpeg 5 12 14 6 7 42 101 94 102 11 214 203 201 26 57 46 49 8 157 145 144
Y2015M05D14h16m55s39_9.jpeg 4 24 38 27 29 62 90 83 86 5 177 170 172 7 85 55 67
Y2015M05D15h12m02s15_1.jpeg 6 10 4 4 6 21 245 240 244 7 49 47 62 15 181 174 183 19 120 125 151 23 95 89 103
Y2015M05D15h12m02s15_2.jpeg 6 9 7 5 7 31 242 235 239 8 41 42 59 10 170 164 172 20 115 121 146 19 82 78 90
Y2015M05D15h12m02s15_3.jpeg 6 10 10 10 12 10 232 227 229 11 70 77 106 40 89 84 94 16 110 122 155 11 147 134 142
Y2015M05D15h12m02s15_4.jpeg 4 31 8 6 8 4 158 155 160 48 72 67 77 14 237 231 230
Y2015M05D15h12m02s15_5.jpeg 7 37 2 2 3 24 73 88 119 4 171 152 147 12 40 49 73 9 49 46 52 6 228 217 212 5 94 83 88
Y2015M05D15h12m02s15_6.jpeg 6 51 4 2 3 10 85 102 143 7 211 202 201 14 60 68 93 6 125 117 119 9 61 53 59
Y2015M05D15h12m02s15_7.jpeg 6 32 4 3 4 23 78 90 127 3 153 156 181 27 69 69 79 7 221 216 215 4 156 145 145
Y2015M05D15h12m02s15_8.jpeg 5 40 5 4 5 13 79 94 127 6 155 155 153 30 69 68 77 9 223 219 216
Y2015M05D15h17m26s23_1.jpeg 6 7 15 29 54 25 82 109 145 13 121 139 159 27 135 176 228 13 151 180 210 12 2 6 14
Y2015M05D15h17m26s23_2.jpeg 5 18 3 7 15 3 37 63 105 47 122 158 205 14 142 162 187 15 84 115 155
Y2015M05D15h17m26s23_3.jpeg 4 8 1 11 37 11 55 73 108 17 150 170 198 63 99 129 169
Y2015M05D15h17m26s23_4.jpeg 4 28 4 7 16 18 76 95 122 23 145 161 186 29 99 132 171
Y2015M05D15h17m26s23_5.jpeg 5 20 23 36 68 30 90 118 157 15 142 179 222 16 3 6 15 15 141 162 185
Y2015M05D15h18m13s54_1.jpeg 4 38 4 5 13 9 103 111 127 19 52 51 73 32 168 179 195
Y2015M05D15h18m13s54_10.jpeg 4 12 11 7 28 18 165 183 205 65 65 45 70 4 101 101 127
Y2015M05D15h18m13s54_2.jpeg 3 17 8 10 26 79 62 54 80 3 120 137 154
Y2015M05D15h18m13s54_3.jpeg 4 16 5 6 23 15 102 112 131 45 54 51 75 22 153 165 182
Y2015M05D15h18m13s54_4.jpeg 4 17 7 7 20 10 108 114 132 62 59 51 75 10 158 169 185
Y2015M05D15h18m13s54_5.jpeg 3 21 10 12 26 22 140 149 168 55 62 53 76
Y2015M05D15h18m13s54_6.jpeg 4 13 7 7 22 72 61 49 72 6 150 155 175 7 83 86 107
Y2015M05D15h18m13s54_7.jpeg 3 20 9 9 24 71 59 52 74 7 129 139 158
Y2015M05D15h18m13s54_8.jpeg 6 24 10 10 27 6 155 166 178 8 52 63 98 8 96 108 144 47 55 41 69 4 92 99 115
Y2015M05D15h18m13s54_9.jpeg 4 11 9 7 29 3 121 125 150 70 64 43 68 13 165 183 203
Y2015M05D18h12m49s45_1.jpeg 5 1 7 7 6 52 249 250 249 7 157 144 145 35 199 190 190 3 98 83 85
Y2015M05D18h12m49s45_2.jpeg 5 2 27 19 35 16 188 182 189 20 120 109 108 44 238 240 245 15 77 68 76
Y2015M05D18h13m35s33_1.jpeg 4 20 10 7 7 12 159 151 150 9 242 240 237 57 59 50 52
Y2015M05D18h13m35s33_10.jpeg 4 33 3 2 3 5 90 85 87 50 30 26 31 9 151 145 147
Y2015M05D18h13m35s33_2.jpeg 4 13 18 10 12 8 171 168 191 72 50 43 48 4 139 130 130
Y2015M05D18h13m35s33_3.jpeg 5 23 8 4 4 13 113 110 108 45 40 35 39 4 163 161 181 12 167 162 158
Y2015M05D18h13m35s33_4.jpeg 3 78 31 26 30 3 131 125 122 17 66 59 58
Y2015M05D18h13m35s33_5.jpeg 4 16 7 4 5 9 91 86 86 60 39 35 38 13 144 141 140
Y2015M05D18h13m35s33_6.jpeg 3 77 24 21 23 9 85 82 83 13 150 147 146
Y2015M05D18h13m35s33_7.jpeg 4 13 7 5 6 9 149 145 146 70 33 30 35 6 89 86 87
Y2015M05D18h13m35s33_8.jpeg 3 78 23 19 22 8 88 84 84 12 156 150 148
Y2015M05D18h13m35s33_9.jpeg 2 72 21 18 21 27 118 116 113
Y2015M05D18h17m03s42_1.jpeg 4 9 9 8 17 73 98 103 122 3 162 161 174 13 47 46 57
Y2015M05D18h17m03s42_2.jpeg 4 7 11 11 26 65 96 106 124 16 47 46 59 10 139 143 157
Y2015M05D18h17m03s42_3.jpeg 3 2 7 7 23 87 108 122 145 9 51 53 75
Y2015M05D18h18m07s12_1.jpeg 4 24 9 8 21 9 131 130 145 45 52 52 67 20 193 193 207
Y2015M05D18h18m07s12_10.jpeg 4 19 9 9 18 5 126 125 137 66 50 51 67 8 197 196 208
Y2015M05D18h18m07s12_2.jpeg 3 30 11 11 21 65 55 57 69 4 131 132 144
Y2015M05D18h18m07s12_3.jpeg 3 11 7 8 17 9 154 152 167 78 49 51 66
Y2015M05D18h18m07s12_4.jpeg 5 28 7 7 14 5 101 101 114 52 49 52 69 8 215 214 229 5 162 161 172
Y2015M05D18h18m07s12_5.jpeg 4 25 6 6 11 15 178 178 189 53 47 49 65 6 92 93 104
Y2015M05D18h18m07s12_6.jpeg 5 28 5 7 16 4 136 139 151 49 44 46 61 8 85 85 101 8 184 188 200
Y2015M05D18h18m07s12_7.jpeg 5 17 6 5 16 9 211 211 227 63 43 45 60 5 90 88 101 3 139 137 152
Y2015M05D18h18m07s12_8.jpeg 4 24 6 6 15 5 110 109 123 60 48 49 66 10 189 188 201
Y2015M05D18h18m07s12_9.jpeg 4 18 8 9 17 72 51 54 71 5 107 109 116 3 167 168 173
Y2015M05D18h18m08s08_1.jpeg 5 10 12 13 24 5 148 153 182 68 55 58 77 10 96 96 105 5 156 156 164
Y2015M05D18h18m08s08_10.jpeg 3 2 4 6 16 92 63 76 103 4 129 138 156
Y2015M05D18h18m08s08_2.jpeg 5 9 15 20 33 10 108 109 116 53 56 67 93 19 95 112 145 7 160 162 171
Y2015M05D18h18m08s08_3.jpeg 4 22 10 12 24 9 123 123 127 58 59 62 82 9 185 186 191
Y2015M05D18h18m08s08_4.jpeg 6 20 4 4 10 31 204 204 217 12 38 44 70 19 86 94 130 8 137 138 151 6 80 81 95
Y2015M05D18h18m08s08_5.jpeg 4 16 8 9 19 12 190 194 211 57 60 67 90 13 127 128 136
Y2015M05D18h18m08s08_6.jpeg 5 8 13 12 25 9 99 87 97 74 50 50 68 4 150 140 147 3 106 119 142
Y2015M05D18h18m08s08_7.jpeg 5 7 12 14 25 40 83 100 129 6 197 202 218 35 53 62 79 9 107 103 106
Y2015M05D18h18m08s08_8.jpeg 4 9 6 9 16 16 183 190 199 68 59 74 100 6 101 102 109
Y2015M05D18h18m08s08_9.jpeg 4 78 68 83 112 11 105 100 103 8 32 36 46 2 166 176 188
Y2015M05D18h19m32s06_1.jpeg 5 4 1 13 32 19 85 113 146 54 140 171 210 11 34 60 93 9 158 179 194
Y2015M05D18h19m32s06_10.jpeg 5 6 3 5 14 31 138 174 217 12 22 51 90 11 139 159 183 37 77 108 151
Y2015M05D18h19m32s06_2.jpeg 5 3 1 7 22 26 135 176 225 31 89 125 171 16 164 187 214 21 47 76 116
Y2015M05D18h19m32s06_3.jpeg 5 5 3 7 18 24 139 177 225 13 51 82 123 35 168 190 218 21 92 128 172
Y2015M05D18h19m32s06_4.jpeg 4 33 131 166 210 25 161 188 216 26 82 114 154 13 32 64 104
Y2015M05D18h19m32s06_5.jpeg 5 44 75 108 152 22 135 172 223 22 147 173 202 1 2 13 35 8 39 65 98
Y2015M05D18h19m32s06_6.jpeg 5 5 2 9 23 21 143 178 226 9 43 75 111 41 161 185 210 21 90 124 165
Y2015M05D18h19m32s06_7.jpeg 5 8 4 6 9 27 85 116 156 12 31 61 98 34 164 192 221 16 136 170 216
Y2015M05D18h19m32s06_8.jpeg 5 9 21 46 82 29 135 175 230 11 152 177 208 23 56 86 130 26 100 130 171
Y2015M05D18h19m32s06_9.jpeg 5 1 2 7 24 29 137 178 228 35 84 120 165 20 152 178 208 12 37 69 110
Y2015M05D19h11m49s02_1.jpeg 4 4 11 11 15 31 228 223 227 41 142 149 166 21 73 73 83
Y2015M05D19h11m49s02_2.jpeg 4 13 10 7 6 17 137 128 131 41 74 66 67 27 228 219 219
Y2015M05D19h11m49s02_3.jpeg 6 17 11 8 7 14 145 155 180 38 82 75 75 6 171 163 163 18 240 233 231 4 221 181 196
Y2015M05D19h11m49s02_4.jpeg 5 9 12 9 9 30 237 231 229 30 79 74 77 16 130 135 152 12 173 162 164
Y2015M05D19h11m49s02_5.jpeg 6 7 8 9 13 15 150 160 183 18 93 100 117 24 229 220 224 21 67 62 65 12 171 153 161
Y2015M05D19h11m49s02_6.jpeg 6 9 15 11 11 12 175 162 165 21 117 131 151 8 54 61 78 19 233 226 225 28 84 77 78
Y2015M05D19h11m49s02_7.jpeg 6 13 12 8 7 23 239 237 233 36 77 72 74 6 122 131 147 10 143 133 134 9 196 186 186
Y2015M05D19h12m37s21_1.jpeg 5 11 7 7 7 28 238 235 234 20 66 64 63 25 110 109 116 13 162 160 161
Y2015M05D19h12m37s21_10.jpeg 6 14 4 4 3 25 240 238 239 9 64 63 71 26 112 109 115 12 123 141 168 11 165 160 168
Y2015M05D19h12m37s21_2.jpeg 6 9 81 101 128 9 191 190 202 22 97 92 97 18 127 147 174 19 136 136 149 19 241 238 239
Y2015M05D19h12m37s21_3.jpeg 6 7 5 7 9 12 242 242 243 33 94 95 105 11 91 110 135 24 140 153 178 10 186 181 191
Y2015M05D19h12m37s21_4.jpeg 5 9 3 4 5 23 81 81 89 12 222 219 224 16 140 156 184 37 125 131 144
Y2015M05D19h12m37s21_5.jpeg 6 4 4 4 6 29 243 241 240 12 65 62 65 13 148 147 165 13 181 178 179 26 107 106 108
Y2015M05D19h12m37s21_6.jpeg 7 12 6 7 9 16 133 154 187 14 236 235 233 3 42 64 92 20 113 122 138 22 84 83 89 9 158 158 164
Y2015M05D19h12m37s21_7.jpeg 7 13 6 5 6 20 240 237 236 8 87 100 128 10 53 49 51 10 135 146 167 25 97 96 101 9 178 174 177
Y2015M05D19h12m37s21_8.jpeg 7 16 2 2 2 21 243 241 239 9 48 45 46 9 79 91 111 22 96 93 95 7 163 161 162 11 129 139 162
Y2015M05D19h12m37s21_9.jpeg 6 7 6 9 11 41 133 148 173 15 233 232 230 10 62 71 90 9 157 154 151 15 91 89 92
Y2015M05D20h05m52s42_1.jpeg 6 5 4 11 18 11 134 146 154 19 52 66 87 18 126 153 185 22 91 107 137 22 187 197 210
Y2015M05D20h05m52s42_2.jpeg 3 4 31 43 65 44 107 133 168 51 76 92 122
Y2015M05D20h05m52s42_3.jpeg 3 1 7 19 33 45 103 127 160 52 60 76 103
Y2015M05D21h17m20s06_1.jpeg 4 8 3 13 32 40 83 104 135 29 134 157 180 21 38 57 82
Y2015M05D21h17m20s06_10.jpeg 4 22 3 7 16 41 61 81 108 25 117 133 155 9 174 187 212
Y2015M05D21h17m20s06_2.jpeg 3 10 5 13 28 49 144 166 192 39 78 98 129
Y2015M05D21h17m20s06_3.jpeg 4 22 2 4 11 6 42 59 83 38 172 188 211 32 85 108 135
Y2015M05D21h17m20s06_4.jpeg 4 5 2 11 28 34 126 153 178 13 40 59 83 46 80 104 134
Y2015M05D21h17m20s06_5.jpeg 4 3 3 9 26 31 150 170 199 46 85 109 140 19 48 68 97
Y2015M05D21h17m20s06_6.jpeg 4 13 1 6 18 10 21 38 61 34 121 142 165 41 67 87 116
Y2015M05D21h17m20s06_7.jpeg 4 20 2 6 16 8 46 65 90 35 145 166 190 35 88 112 144
Y2015M05D21h17m20s06_8.jpeg 4 28 3 5 13 6 31 50 72 29 136 154 176 35 77 99 129
Y2015M05D21h17m20s06_9.jpeg 4 16 3 6 14 46 64 85 113 25 115 132 156 10 172 187 205
Y2015M05D21h17m21s26_1.jpeg 5 1 1 4 25 25 131 150 195 37 83 98 147 26 184 196 232 9 42 57 104
Y2015M05D21h17m21s26_10.jpeg 5 27 3 4 11 9 28 41 75 14 167 181 209 27 73 90 130 20 112 126 156
Y2015M05D21h17m21s26_2.jpeg 4 5 2 5 23 44 145 162 203 9 24 41 83 41 76 95 140
Y2015M05D21h17m21s26_3.jpeg 3 8 15 31 72 42 121 144 183 49 73 91 135
Y2015M05D21h17m21s26_4.jpeg 4 9 17 32 68 41 102 123 165 41 55 73 115 7 150 166 206
Y2015M05D21h17m21s26_5.jpeg 3 5 22 41 78 39 120 146 184 54 69 91 135
Y2015M05D21h17m21s26_6.jpeg 5 9 3 5 18 12 30 48 81 30 119 140 179 41 70 91 132 6 152 162 189
Y2015M05D21h17m21s26_7.jpeg 6 10 2 5 21 17 54 66 105 9 163 173 207 50 99 114 152 3 158 164 179 8 16 25 53
Y2015M05D21h17m21s26_8.jpeg 4 17 3 7 21 10 28 43 76 30 129 142 173 42 69 87 124
Y2015M05D21h17m21s26_9.jpeg 4 21 3 5 15 24 172 183 218 31 48 63 104 22 91 102 132
Y2015M05D21h17m52s59_1.jpeg 4 8 2 8 23 56 145 180 228 5 93 120 145 29 150 172 196
Y2015M05D21h17m52s59_2.jpeg 3 1 3 7 23 93 149 181 225 5 91 113 141
Y2015M05D21h17m52s59_3.jpeg 4 5 2 7 21 9 82 106 140 13 156 173 199 72 126 158 199
Y2015M05D21h17m52s59_4.jpeg 3 1 2 8 24 95 151 186 231 2 47 69 99
Y2015M05D21h17m52s59_5.jpeg 4 3 1 9 26 82 137 170 221 8 120 140 172 5 168 189 223
Y2015M05D21h17m52s59_6.jpeg 4 79 133 164 218 1 3 12 31 7 115 135 174 10 160 179 212
Y2015M05D21h17m52s59_7.jpeg 3 88 132 164 214 2 2 10 21 9 148 165 191
Y2015M05D22h11m53s45_1.jpeg 5 12 14 11 17 7 178 168 178 31 70 65 74 33 230 224 226 16 113 106 113
Y2015M05D22h11m53s45_10.jpeg 4 10 13 11 16 9 151 147 155 68 75 73 88 11 228 224 227
Y2015M05D22h11m53s45_2.jpeg 5 9 13 10 13 7 184 179 187 31 98 101 123 31 59 54 65 20 237 233 237
Y2015M05D22h11m53s45_3.jpeg 6 21 7 5 6 5 141 135 147 39 61 54 63 10 96 92 112 18 238 231 234 5 190 183 192
Y2015M05D22h11m53s45_4.jpeg 5 13 10 8 11 18 224 217 224 12 94 97 128 11 147 140 151 44 71 65 77
Y2015M05D22h11m53s45_5.jpeg 5 7 19 14 22 18 230 222 227 20 102 105 132 9 149 141 148 43 76 73 87
Y2015M05D22h11m53s45_6.jpeg 5 8 10 7 11 17 228 223 227 41 105 105 135 9 154 147 156 22 75 68 78
Y2015M05D22h11m53s45_7.jpeg 5 6 22 18 30 21 226 221 226 25 99 101 129 11 148 141 151 34 74 71 83
Y2015M05D22h11m53s45_8.jpeg 4 12 9 7 8 7 212 205 205 58 71 66 72 21 129 119 124
Y2015M05D22h11m53s45_9.jpeg 5 11 6 6 8 5 162 156 165 35 91 94 121 32 73 68 78 15 232 227 230
Y2015M05D22h17m07s17_1.jpeg 4 15 8 21 52 12 185 203 232 62 58 76 110 10 129 147 180
Y2015M05D22h17m07s17_10.jpeg 4 22 3 4 10 12 157 176 197 56 39 56 82 8 97 110 136
Y2015M05D22h17m07s17_2.jpeg 3 15 5 12 36 72 46 65 94 11 137 147 169
Y2015M05D22h17m07s17_3.jpeg 4 19 10 27 59 28 160 177 207 48 58 77 111 3 2 7 23
Y2015M05D22h17m07s17_4.jpeg 4 8 2 9 28 23 150 166 195 17 17 34 64 50 57 76 110
Y2015M05D22h17m07s17_5.jpeg 3 19 6 19 45 65 54 72 104 14 137 152 177
Y2015M05D22h17m07s17_6.jpeg 3 15 9 20 46 22 143 158 181 62 55 72 103
Y2015M05D22h17m07s17_7.jpeg 4 10 6 14 39 16 96 111 136 60 50 66 96 12 159 171 197
Y2015M05D22h17m07s17_8.jpeg 4 15 14 24 49 8 107 123 146 70 54 73 103 5 155 173 195
Y2015M05D22h17m07s17_9.jpeg 2 90 48 68 100 9 98 116 147
Y2015M05D22h20m06s52_10.jpeg 5 14 6 22 52 6 104 124 149 67 43 65 103 6 165 186 216 4 2 7 14
Y2015M05D22h20m06s52_4.jpeg 5 8 2 5 15 25 164 186 220 13 5 22 58 44 43 64 103 7 109 129 165
Y2015M05D22h20m06s52_5.jpeg 5 8 2 5 14 10 119 141 172 14 10 29 66 28 168 192 224 37 48 72 113
Y2015M05D22h20m06s52_6.jpeg 5 15 5 16 45 31 159 181 207 27 37 52 84 16 3 5 10 9 80 99 129
Y2015M05D22h20m06s52_7.jpeg 5 17 5 24 56 7 101 120 148 63 45 67 103 4 3 4 12 6 159 176 203
Y2015M05D22h20m06s52_8.jpeg 4 7 2 6 13 35 154 179 208 12 10 29 63 44 50 73 114
Y2015M05D22h20m06s52_9.jpeg 3 12 7 21 47 82 41 63 95 4 114 129 152
Y2015M05D22h20m46s49_1.jpeg 6 6 5 3 16 50 120 139 184 5 168 185 229 6 59 53 84 19 100 100 132 11 166 165 190
Y2015M05D22h20m46s49_10.jpeg 4 18 1 2 9 41 116 126 170 31 41 38 65 8 149 150 176
Y2015M05D22h20m46s49_2.jpeg 4 3 6 8 25 57 116 136 186 20 179 184 217 17 78 65 92
Y2015M05D22h20m46s49_3.jpeg 6 16 2 2 8 4 52 44 76 27 177 184 217 34 129 151 205 8 141 141 167 8 94 89 125
Y2015M05D22h20m46s49_4.jpeg 5 9 19 12 38 58 103 113 153 20 73 61 88 6 165 169 207 4 147 135 155
Y2015M05D22h20m46s49_5.jpeg 4 9 12 8 29 42 104 113 153 24 157 158 186 23 65 54 81
Y2015M05D22h20m46s49_6.jpeg 4 56 115 138 190 3 10 8 26 18 156 160 190 21 85 72 97
Y2015M05D22h20m46s49_7.jpeg 5 3 20 22 49 24 167 176 209 55 132 157 213 11 109 120 165 5 89 84 114
Y2015M05D22h20m46s49_8.jpeg 5 12 5 5 13 64 125 147 199 5 38 40 68 7 163 168 196 9 89 94 127
Y2015M05D22h20m46s49_9.jpeg 5 9 7 7 22 50 115 138 185 7 122 120 143 16 64 57 84 16 169 173 197
Y2015M05D26h16m31s03_1.jpeg 3 13 9 18 38 57 151 168 195 29 62 73 95
Y2015M05D26h16m31s03_2.jpeg 4 22 2 4 13 13 57 65 87 40 158 175 204 23 112 123 146
Y2015M05D26h16m31s03_3.jpeg 4 25 2 5 15 7 43 48 71 49 148 165 194 17 92 102 126
Y2015M05D26h16m31s03_4.jpeg 4 17 4 6 16 49 150 172 203 16 119 127 147 17 56 66 88
Y2015M05D26h16m31s03_5.jpeg 3 46 2 4 8 8 90 92 107 45 139 154 183
Y2015M05D26h16m31s03_6.jpeg 3 35 4 6 12 21 62 73 94 42 148 163 188
Y2015M05D27h17m18s01_1.jpeg 4 11 3 9 31 32 162 183 213 19 26 49 90 36 74 99 140
Y2015M05D27h17m18s01_2.jpeg 4 23 2 3 9 9 17 39 79 27 149 167 204 39 68 90 134
Y2015M05D27h17m18s01_3.jpeg 5 10 17 40 85 26 99 127 178 10 2 5 16 25 54 79 128 26 157 177 214
Y2015M05D27h17m18s01_4.jpeg 4 7 3 6 21 28 154 172 214 17 28 48 96 46 82 100 150
Y2015M05D27h18m25s23_1.jpeg 3 13 2 12 26 25 140 155 171 60 40 56 79
Y2015M05D27h18m25s23_10.jpeg 5 8 4 6 10 21 162 181 202 11 9 23 47 8 83 97 118 49 36 55 86
Y2015M05D27h18m25s23_2.jpeg 3 17 4 14 40 12 138 151 174 70 45 62 92
Y2015M05D27h18m25s23_3.jpeg 4 24 4 12 35 10 145 154 173 56 45 60 92 7 83 95 115
Y2015M05D27h18m25s23_4.jpeg 4 3 5 12 40 10 96 102 127 71 36 55 84 13 141 151 176
Y2015M05D27h18m25s23_5.jpeg 5 15 6 19 49 13 156 173 196 56 40 59 91 8 2 6 14 5 95 110 134
Y2015M05D27h18m25s23_6.jpeg 4 11 6 20 47 20 150 168 188 51 44 62 95 16 3 5 10
Y2015M05D27h18m25s23_7.jpeg 4 18 5 14 41 14 97 106 129 49 46 55 83 17 159 165 186
Y2015M05D27h18m25s23_8.jpeg 4 11 6 17 37 15 166 183 201 64 48 58 82 9 96 108 128
Y2015M05D27h18m25s23_9.jpeg 5 10 5 20 47 9 118 132 155 53 41 59 90 18 164 186 206 7 3 5 11
Y2015M05D28h12m09s31_1.jpeg 5 6 8 8 9 28 164 164 172 47 228 226 231 7 67 64 66 9 112 105 104
Y2015M05D28h12m09s31_10.jpeg 6 23 5 5 5 7 58 54 69 30 229 235 235 14 126 131 143 5 93 91 81 17 178 180 181
Y2015M05D28h12m09s31_2.jpeg 5 21 4 3 3 17 175 173 174 7 69 60 58 42 231 229 231 11 118 106 105
Y2015M05D28h12m09s31_3.jpeg 5 7 6 5 6 19 182 183 184 9 74 72 74 53 235 238 238 9 127 126 127
Y2015M05D28h12m09s31_4.jpeg 4 7 10 6 5 14 151 149 150 21 93 85 83 56 225 223 224
Y2015M05D28h12m09s31_5.jpeg 5 26 4 4 4 3 59 54 55 10 174 175 177 53 230 232 234 5 108 103 104
Y2015M05D28h12m09s31_6.jpeg 4 11 8 6 5 16 158 156 161 60 228 229 232 11 78 70 72
Y2015M05D28h12m09s31_7.jpeg 5 8 74 71 80 13 146 152 159 50 220 225 230 20 117 106 101 7 205 172 175
Y2015M05D28h12m09s31_8.jpeg 4 15 7 5 5 18 157 152 154 39 72 68 67 26 219 217 215
Y2015M05D28h12m09s31_9.jpeg 5 16 6 6 8 14 124 126 133 23 65 60 65 32 236 239 241 14 191 182 185
Y2015M05D28h12m32s56_1.jpeg 4 28 8 3 3 7 79 58 56 53 233 213 205 10 152 128 119
Y2015M05D28h12m32s56_2.jpeg 5 5 21 5 4 23 157 129 117 44 208 178 168 12 88 66 59 12 246 226 216
Y2015M05D28h12m32s56_3.jpeg 4 2 21 8 4 54 170 139 127 17 241 226 216 25 95 79 71
Y2015M05D28h12m32s56_4.jpeg 5 4 12 5 4 11 152 124 117 23 248 232 225 14 77 63 59 45 207 178 167
Y2015M05D28h12m32s56_5.jpeg 4 9 10 4 3 49 198 171 161 22 91 73 66 19 244 225 218
Y2015M05D28h12m32s56_6.jpeg 5 19 10 5 4 8 132 107 98 23 76 60 58 32 238 219 211 15 185 154 145
Y2015M05D28h13m14s01_1.jpeg 6 16 7 5 8 19 57 53 63 12 235 231 232 17 125 127 144 10 171 150 151 23 104 94 98
Y2015M05D28h13m14s01_10.jpeg 7 5 14 9 10 17 103 99 108 13 235 227 223 12 59 54 59 9 167 147 140 33 141 144 156 8 97 79 73
Y2015M05D28h13m14s01_3.jpeg 5 9 17 10 10 11 239 228 224 44 85 75 79 19 121 119 130 14 173 154 149
Y2015M05D28h13m14s01_4.jpeg 5 9 11 3 2 18 164 143 141 10 59 44 42 14 236 218 212 46 101 83 83
Y2015M05D28h13m14s01_5.jpeg 4 11 33 15 10 10 163 143 136 52 86 67 63 24 237 222 216
Y2015M05D28h13m14s01_6.jpeg 5 10 11 6 8 30 78 68 68 9 220 206 200 34 129 119 120 14 169 147 136
Y2015M05D28h13m14s01_7.jpeg 6 8 7 4 6 9 72 67 80 8 237 224 218 35 139 137 150 13 171 151 141 24 108 98 99
Y2015M05D28h13m14s01_8.jpeg 5 9 11 5 5 17 236 227 227 17 92 78 80 40 131 119 119 13 181 162 154
Y2015M05D28h13m14s01_9.jpeg 5 16 8 5 3 7 64 52 59 24 236 226 221 37 155 149 157 12 111 101 101
Y2015M05D28h15m50s25_1.jpeg 6 26 5 4 10 5 164 168 201 18 35 38 59 26 197 193 206 7 108 103 117 16 65 74 105
Y2015M05D28h15m50s25_10.jpeg 4 25 7 6 12 66 51 65 99 3 180 192 236 4 175 172 178
Y2015M05D28h15m50s25_2.jpeg 6 25 6 5 10 7 152 152 169 6 18 22 45 42 55 60 82 12 202 196 201 5 89 85 93
Y2015M05D28h15m50s25_3.jpeg 4 11 8 9 22 56 67 82 113 30 50 53 72 1 151 153 167
Y2015M05D28h15m50s25_4.jpeg 3 8 15 15 18 2 145 145 143 89 55 59 81
Y2015M05D28h15m50s25_5.jpeg 4 18 11 8 11 8 166 173 212 64 57 58 76 8 148 141 144
Y2015M05D28h15m50s25_6.jpeg 5 21 5 6 13 2 181 192 234 59 47 58 85 11 214 215 221 5 149 156 170
Y2015M05D28h15m50s25_7.jpeg 5 4 12 13 24 13 163 179 225 71 53 59 81 4 18 28 71 5 136 147 176
Y2015M05D28h15m50s25_8.jpeg 5 9 5 8 17 8 161 174 220 60 40 53 82 12 201 207 210 8 73 83 99
Y2015M05D28h15m50s25_9.jpeg 2 89 51 65 98 10 163 176 217
Y2015M05D28h16m42s39_1.jpeg 4 4 6 8 18 72 110 121 142 15 155 161 173 7 57 59 68
Y2015M05D28h16m42s39_2.jpeg 3 10 9 7 9 81 95 98 114 8 55 49 55
Y2015M05D28h16m42s39_3.jpeg 4 23 2 3 5 24 82 89 105 16 169 175 180 35 124 134 150
Y2015M05D28h16m42s39_4.jpeg 3 1 5 8 17 82 107 122 146 16 63 60 77
Y2015M05D28h16m42s39_5.jpeg 5 8 6 5 9 61 108 126 149 5 45 43 60 11 92 90 101 13 161 170 183
Y2015M05D28h16m42s39_6.jpeg 4 9 10 10 16 17 177 183 188 60 100 109 124 13 63 59 70
Y2015M05D28h16m42s39_7.jpeg 4 9 7 9 16 56 100 108 127 12 169 175 182 22 65 63 72
Y2015M05D28h19m46s20_1.jpeg 6 20 6 14 44 15 151 162 193 20 39 52 87 25 4 5 10 7 85 96 130 9 192 204 223
Y2015M05D28h19m46s20_10.jpeg 5 17 3 12 40 11 103 117 149 41 33 48 79 16 165 178 205 13 1 1 6
Y2015M05D28h19m46s20_2.jpeg 4 31 4 9 26 11 166 177 203 51 39 55 92 6 75 85 108
Y2015M05D28h19m46s20_3.jpeg 4 26 3 9 33 6 113 123 153 52 36 51 87 14 172 185 215
Y2015M05D28h19m46s20_4.jpeg 4 27 4 10 31 8 104 116 137 47 37 55 88 16 165 179 200
Y2015M05D28h19m46s20_5.jpeg 4 24 3 10 34 10 133 148 173 32 40 53 87 31 186 204 230
Y2015M05D28h19m46s20_6.jpeg 4 21 3 10 31 6 115 129 160 41 37 53 86 30 176 192 222
Y2015M05D28h19m46s20_7.jpeg 5 16 6 16 48 8 120 134 163 51 41 57 93 14 184 199 228 9 1 4 14
Y2015M05D28h19m46s20_8.jpeg 5 15 4 14 47 6 125 138 168 48 42 57 93 17 184 197 225 11 2 4 9
Y2015M05D28h19m46s20_9.jpeg 4 24 3 9 30 11 119 134 160 43 34 52 85 21 182 199 225
Y2015M05D28h20m23s19_1.jpeg 4 22 3 7 25 16 97 106 128 38 33 40 63 23 165 177 199
Y2015M05D28h20m23s19_10.jpeg 5 27 2 5 19 11 120 128 148 40 24 30 48 12 172 181 199 7 65 73 93
Y2015M05D28h20m23s19_2.jpeg 4 31 2 4 15 14 120 134 157 28 36 42 64 24 179 194 214
Y2015M05D28h20m23s19_3.jpeg 5 17 3 8 27 8 80 90 110 47 36 43 64 14 178 190 212 12 130 140 160
Y2015M05D28h20m23s19_4.jpeg 4 26 4 6 17 8 110 117 136 61 38 42 63 4 167 174 191
Y2015M05D28h20m23s19_5.jpeg 4 32 3 5 19 11 99 108 128 21 167 179 197 33 33 39 59
Y2015M05D28h20m23s19_6.jpeg 5 29 2 6 24 8 79 87 114 30 31 37 60 17 178 189 207 13 126 136 158
Y2015M05D28h20m23s19_7.jpeg 4 33 3 6 15 15 95 104 125 42 28 35 54 9 166 176 192
Y2015M05D28h20m23s19_8.jpeg 5 24 2 6 21 9 119 129 148 41 28 35 56 16 168 180 200 8 65 75 95
Y2015M05D28h20m23s19_9.jpeg 4 30 4 8 28 10 120 132 149 40 36 42 65 18 180 194 213
Y2015M05D29h12m32s41_1.jpeg 4 9 25 16 20 19 234 227 227 62 84 73 80 8 154 144 145
Y2015M05D29h12m32s41_10.jpeg 4 14 12 7 7 74 79 71 78 4 219 212 210 5 137 123 126
Y2015M05D29h12m32s41_2.jpeg 4 14 20 14 16 8 164 154 156 59 83 74 79 16 236 228 229
Y2015M05D29h12m32s41_3.jpeg 4 7 22 13 16 15 237 228 228 69 80 70 79 7 159 148 149
Y2015M05D29h12m32s41_4.jpeg 5 12 7 3 3 11 238 229 230 9 46 34 37 59 89 79 86 5 163 154 157
Y2015M05D29h12m32s41_5.jpeg 5 12 7 3 4 21 237 227 228 14 47 39 42 43 89 79 85 7 153 141 143
Y2015M05D29h12m32s41_6.jpeg 4 21 12 7 8 13 236 228 228 58 80 69 76 6 161 151 153
Y2015M05D29h12m32s41_7.jpeg 4 10 17 10 11 6 162 154 153 70 85 76 81 12 237 230 229
Y2015M05D29h12m32s41_8.jpeg 5 12 7 3 3 12 234 227 227 11 42 34 35 58 82 72 78 5 165 155 155
Y2015M05D29h12m32s41_9.jpeg 5 12 15 8 8 11 235 229 227 62 74 65 70 5 173 164 165 8 108 98 99
Y2015M05D29h15m07s12_1.jpeg 5 5 7 7 15 26 147 167 204 18 75 74 88 37 133 127 139 12 169 177 195
Y2015M05D29h15m07s12_10.jpeg 4 8 9 10 19 21 122 134 160 22 84 82 93 47 172 184 210
Y2015M05D29h15m07s12_2.jpeg 5 11 4 5 12 8 53 52 67 25 190 193 209 40 147 160 188 13 104 107 126
Y2015M05D29h15m07s12_3.jpeg 4 23 11 11 17 30 120 127 147 15 175 172 181 29 81 74 83
Y2015M05D29h15m07s12_4.jpeg 5 9 7 7 15 23 117 131 160 42 172 181 204 9 53 51 67 15 97 90 103
Y2015M05D29h15m07s12_5.jpeg 4 11 7 6 15 45 156 168 194 13 51 52 68 29 98 97 111
Y2015M05D29h15m07s12_6.jpeg 5 18 4 6 11 31 133 142 161 10 41 43 56 16 190 194 207 23 84 84 98
Y2015M05D29h15m07s12_7.jpeg 4 16 7 8 14 25 72 73 83 13 185 186 196 44 123 132 151
Y2015M05D29h15m07s12_8.jpeg 5 14 6 6 10 12 114 122 148 9 53 51 68 27 117 106 119 37 158 177 208
Y2015M05D29h15m07s12_9.jpeg 4 17 6 7 12 16 79 77 92 39 161 175 203 26 125 118 129
Y2015M05D29h16m33s18_1.jpeg 5 23 6 6 11 9 148 147 162 17 63 59 77 17 107 83 88 31 199 203 219
Y2015M05D29h16m33s18_2.jpeg 5 12 4 5 13 32 190 192 209 25 104 75 74 16 54 49 65 13 97 95 113
Y2015M05D29h16m33s18_3.jpeg 6 15 5 5 11 11 153 153 167 19 59 53 67 20 106 81 72 10 100 97 111 21 199 203 218
Y2015M05D29h16m33s18_4.jpeg 3 19 5 4 6 59 82 69 72 20 131 126 138
Y2015M05D29h16m33s18_5.jpeg 4 41 4 3 5 21 73 70 82 18 131 134 149 17 82 65 59
Y2015M05D29h16m33s18_6.jpeg 4 8 13 14 22 12 157 165 199 10 67 66 82 69 74 61 60
Y2015M05D29h16m33s18_7.jpeg 5 4 6 7 13 6 160 170 210 73 77 62 64 5 146 149 163 10 42 41 55
Y2015M05D29h16m33s18_8.jpeg 4 13 10 9 15 74 74 61 61 8 117 114 122 3 169 172 188
Y2015M05D29h17m11s29_1.jpeg 4 14 5 12 36 7 99 110 143 70 54 67 103 7 156 163 186
Y2015M05D29h17m11s29_10.jpeg 4 20 8 16 40 67 45 63 95 8 144 160 187 4 96 85 115
Y2015M05D29h17m11s29_2.jpeg 4 27 4 12 32 21 167 178 201 42 45 58 87 8 96 110 134
Y2015M05D29h17m11s29_3.jpeg 4 29 6 14 37 55 50 61 92 7 114 120 149 8 175 181 212
Y2015M05D29h17m11s29_4.jpeg 5 23 4 6 13 8 125 139 170 12 7 18 48 30 186 200 223 25 49 61 94
Y2015M05D29h17m11s29_5.jpeg 4 12 4 14 36 11 134 147 175 65 42 56 89 10 187 201 227
Y2015M05D29h17m11s29_6.jpeg 4 28 4 9 30 9 123 136 163 42 45 56 85 19 175 188 210
Y2015M05D29h17m11s29_7.jpeg 4 15 7 14 42 12 135 148 169 63 47 57 86 8 103 67 103
Y2015M05D29h17m11s29_8.jpeg 4 25 3 11 37 11 113 127 153 38 41 52 82 24 174 193 216
Y2015M05D29h17m11s29_9.jpeg 4 25 8 20 47 5 123 140 163 60 43 60 92 9 175 196 217
Y2015M06D02h17m27s24_1.jpeg 5 22 4 6 11 17 97 113 142 9 11 25 51 27 149 163 180 23 50 65 93
Y2015M06D02h17m27s24_10.jpeg 5 17 20 39 69 39 59 80 113 9 151 165 189 6 2 6 21 26 101 124 156
Y2015M06D02h17m27s24_2.jpeg 4 9 0 5 28 36 163 173 198 18 47 61 85 36 84 102 121
Y2015M06D02h17m27s24_3.jpeg 4 12 2 11 28 40 80 95 123 11 144 157 175 35 38 52 76
Y2015M06D02h17m27s24_4.jpeg 4 10 5 14 42 37 78 99 133 23 43 56 85 27 120 146 180
Y2015M06D02h17m27s24_5.jpeg 3 15 9 27 58 31 58 77 109 53 111 138 172
Y2015M06D02h17m27s24_6.jpeg 3 32 15 29 54 58 76 95 124 9 138 153 177
Y2015M06D02h17m27s24_7.jpeg 5 8 3 6 16 27 101 119 149 14 11 27 55 35 49 66 97 13 143 159 180
Y2015M06D02h17m27s24_8.jpeg 4 10 5 19 44 51 76 95 123 9 142 159 185 27 38 54 81
Y2015M06D02h17m27s24_9.jpeg 5 12 13 32 64 39 96 125 163 32 48 70 103 11 113 137 157 4 2 8 31
Y2015M06D02h18m24s50_1.jpeg 4 18 11 28 52 21 115 136 167 56 69 87 118 3 162 179 201
Y2015M06D02h18m24s50_10.jpeg 5 22 4 7 20 14 47 61 90 8 127 139 159 35 86 108 144 18 176 188 212
Y2015M06D02h18m24s50_2.jpeg 3 15 26 43 74 73 83 105 138 10 134 154 183
Y2015M06D02h18m24s50_3.jpeg 4 15 2 5 15 32 86 105 139 13 28 45 75 38 167 184 213
Y2015M06D02h18m24s50_4.jpeg 4 7 4 8 20 22 163 183 211 14 42 61 91 55 89 112 147
Y2015M06D02h18m24s50_5.jpeg 3 27 17 34 59 62 73 91 120 9 154 168 193
Y2015M06D02h18m24s50_6.jpeg 4 10 2 11 38 62 82 99 132 21 38 53 81 6 137 151 182
Y2015M06D02h18m24s50_7.jpeg 4 6 5 18 35 71 84 107 139 6 147 166 193 15 40 59 80
Y2015M06D02h18m24s50_8.jpeg 4 12 2 6 15 13 30 46 74 17 157 171 192 57 82 102 134
Y2015M06D02h18m24s50_9.jpeg 4 18 14 30 57 60 71 88 117 9 163 176 195 11 1 6 14
Y2015M06D03h12m54s13_1.jpeg 5 33 5 3 4 15 68 58 68 22 164 155 166 23 111 103 110 5 207 186 188
Y2015M06D03h12m54s13_10.jpeg 6 10 11 5 8 26 220 214 223 12 94 84 90 11 140 120 115 28 145 139 154 10 199 180 175
Y2015M06D03h12m54s13_2.jpeg 7 31 7 4 5 25 84 76 83 8 172 166 184 5 80 89 111 13 142 128 132 11 224 213 224 4 83 55 50
Y2015M06D03h12m54s13_3.jpeg 6 15 18 9 11 28 230 216 219 23 75 63 71 12 108 104 119 9 155 131 127 11 163 157 170
Y2015M06D03h12m54s13_4.jpeg 5 15 6 4 7 12 205 200 212 40 64 58 69 5 84 89 119 26 133 131 147
Y2015M06D03h12m54s13_5.jpeg 6 9 22 14 18 3 137 184 229 23 220 214 228 16 69 68 79 35 139 142 164 11 91 74 68
Y2015M06D03h12m54s13_6.jpeg 5 38 8 4 3 28 75 65 63 3 92 113 139 4 197 186 179 24 123 112 111
Y2015M06D03h12m54s13_7.jpeg 5 43 5 4 4 22 70 61 65 6 170 168 182 22 115 106 114 5 209 196 194
Y2015M06D03h12m54s13_8.jpeg 4 30 6 5 7 23 152 144 158 26 75 69 79 19 217 208 222
Y2015M06D03h12m54s13_9.jpeg 4 45 165 163 184 29 233 226 240 6 104 95 102 18 146 124 118
Y2015M06D03h16m51s43_1.jpeg 4 22 16 10 16 19 200 193 198 42 65 60 72 16 116 100 104
Y2015M06D03h16m51s43_10.jpeg 6 15 8 4 6 19 127 107 110 38 70 67 77 5 164 155 161 8 211 214 223 11 41 32 38
Y2015M06D03h16m51s43_2.jpeg 6 9 17 12 18 9 178 189 215 34 71 61 78 13 225 214 219 15 167 149 155 17 115 97 104
Y2015M06D03h16m51s43_3.jpeg 5 9 12 5 10 32 126 101 102 40 75 66 86 3 180 176 176 13 52 40 44
Y2015M06D03h16m51s43_4.jpeg 6 14 15 8 10 4 166 173 191 40 72 67 79 17 121 99 101 13 176 153 154 9 214 215 224
Y2015M06D03h16m51s43_5.jpeg 4 19 12 7 9 20 208 197 203 42 63 55 63 18 126 108 111
Y2015M06D03h16m51s43_6.jpeg 4 12 11 8 13 37 223 214 218 30 68 60 72 19 141 123 128
Y2015M06D03h16m51s43_7.jpeg 4 29 14 12 12 7 199 204 229 56 70 67 74 6 191 190 191
Y2015M06D03h16m51s43_8.jpeg 4 10 21 12 16 36 144 119 124 49 72 67 80 2 193 192 202
Y2015M06D03h16m51s43_9.jpeg 5 10 21 11 14 15 163 146 147 46 65 65 79 7 196 204 223 21 117 95 99
Y2015M06D03h17m11s45_1.jpeg 4 13 13 6 8 18 71 60 60 20 182 174 175 47 116 108 107
Y2015M06D03h17m11s45_10.jpeg 4 23 5 3 2 8 36 27 28 54 142 133 126 13 93 79 76
Y2015M06D03h17m11s45_2.jpeg 5 15 8 4 3 30 86 77 74 14 198 183 185 25 134 121 120 14 39 32 31
Y2015M06D03h17m11s45_3.jpeg 4 40 6 4 4 13 79 71 66 12 195 185 185 33 125 115 112
Y2015M06D03h17m11s45_4.jpeg 4 50 5 3 3 7 64 54 54 12 182 171 169 29 115 105 102
Y2015M06D03h17m11s45_5.jpeg 4 32 7 4 3 19 77 71 67 8 191 185 183 40 120 114 107
Y2015M06D03h17m11s45_6.jpeg 4 44 4 2 2 12 54 43 43 18 201 191 197 24 119 106 105
Y2015M06D03h17m11s45_7.jpeg 5 29 7 5 6 15 66 55 54 6 112 105 117 20 183 174 174 28 137 122 117
Y2015M06D03h17m11s45_8.jpeg 4 13 8 5 5 18 55 42 44 4 198 191 191 63 103 94 89
Y2015M06D03h17m11s45_9.jpeg 4 19 8 5 5 19 69 57 58 46 129 115 113 14 190 180 180
Y2015M06D03h17m12s33_1.jpeg 4 8 9 9 18 73 71 78 100 5 156 155 167 13 47 45 57
Y2015M06D03h17m12s33_10.jpeg 3 18 7 9 15 68 72 82 102 12 183 182 192
Y2015M06D03h17m12s33_2.jpeg 4 3 9 7 20 17 148 138 148 65 74 82 105 14 44 46 65
Y2015M06D03h17m12s33_3.jpeg 5 12 6 7 16 16 46 49 69 12 181 181 191 48 82 90 115 9 108 108 114
Y2015M06D03h17m12s33_4.jpeg 4 33 9 10 16 6 140 138 142 51 67 69 81 8 197 200 207
Y2015M06D03h17m12s33_5.jpeg 4 13 11 14 23 74 77 87 108 7 124 111 119 4 176 171 179
Y2015M06D03h17m12s33_6.jpeg 4 13 7 8 16 17 165 163 173 54 70 81 101 14 45 46 61
Y2015M06D03h17m12s33_7.jpeg 4 34 4 5 9 49 59 66 85 8 130 132 144 7 188 191 203
Y2015M06D03h17m12s33_8.jpeg 4 20 13 12 16 53 69 82 102 5 173 174 177 19 82 79 82
Y2015M06D03h17m12s33_9.jpeg 5 11 2 5 12 9 31 37 56 6 176 179 189 69 78 90 116 3 122 125 143
Y2015M06D05h12m50s14_1.jpeg 5 19 6 3 3 11 223 198 198 16 95 80 82 47 246 241 244 5 146 130 128
Y2015M06D05h12m50s14_10.jpeg 5 8 11 7 8 48 243 238 240 15 85 70 75 14 224 188 184 13 134 121 126
Y2015M06D05h12m50s14_2.jpeg 6 14 8 4 5 10 177 164 164 8 72 54 54 37 241 239 241 20 111 96 98 7 233 203 197
Y2015M06D05h12m50s14_3.jpeg 4 15 8 5 5 37 173 156 153 29 83 72 75 17 242 232 231
Y2015M06D05h12m50s14_4.jpeg 5 5 10 5 6 40 247 243 247 24 138 121 124 18 89 76 82 10 185 176 180
Y2015M06D05h12m50s14_5.jpeg 6 19 8 5 5 6 76 65 69 48 247 243 245 10 188 177 177 8 234 200 197 6 137 122 123
Y2015M06D05h12m50s14_6.jpeg 5 23 5 3 4 38 246 243 245 22 87 80 86 9 149 128 128 6 192 181 183
Y2015M06D05h12m50s14_7.jpeg 5 5 6 5 4 51 245 241 244 19 227 192 189 16 86 70 75 7 138 122 126
Y2015M06D05h12m50s14_8.jpeg 4 23 5 4 4 13 173 165 167 22 92 85 92 40 242 236 239
Y2015M06D05h12m50s14_9.jpeg 6 7 9 5 6 31 245 240 244 10 63 53 59 21 108 98 105 17 179 166 171 11 146 119 118
Y2015M06D08h19m36s38_1.jpeg 2 65 2 2 4 34 131 137 152
Y2015M06D08h19m36s38_2.jpeg 3 1 3 5 11 86 146 157 174 11 108 115 135
Y2015M06D08h19m36s38_3.jpeg 3 27 4 5 9 7 85 88 105 65 126 134 149
Y2015M06D08h19m36s38_4.jpeg 3 3 2 3 17 81 153 162 187 15 108 114 132
Y2015M06D08h19m36s38_5.jpeg 3 15 4 6 12 13 72 77 93 71 130 134 152
Y2015M06D08h19m36s38_6.jpeg 4 24 3 4 7 3 88 91 120 67 138 147 165 5 94 96 109
Y2015M06D09h10m58s56_1.jpeg 3 26 16 15 17 11 159 153 154 61 59 58 60
Y2015M06D09h10m58s56_2.jpeg 5 18 10 6 6 19 102 87 83 47 44 41 46 10 157 148 144 4 210 206 204
Y2015M06D09h12m07s01_1.jpeg 5 6 5 5 8 15 173 167 174 58 77 73 82 10 44 38 46 9 118 111 119
Y2015M06D09h12m07s01_10.jpeg 4 7 8 6 10 14 189 181 194 17 53 46 56 60 92 86 95
Y2015M06D09h12m07s01_2.jpeg 4 6 7 6 9 21 48 42 53 5 178 172 184 65 95 90 99
Y2015M06D09h12m07s01_3.jpeg 5 20 7 4 9 7 72 75 96 20 189 184 191 40 108 99 109 11 49 43 52
Y2015M06D09h12m07s01_4.jpeg 4 10 6 6 9 16 53 45 54 13 160 157 163 60 89 83 92
Y2015M06D09h12m07s01_5.jpeg 5 7 8 6 10 61 79 74 85 6 186 182 187 16 44 39 46 7 128 123 131
Y2015M06D09h12m07s01_6.jpeg 3 14 10 8 12 27 188 182 192 58 84 77 87
Y2015M06D09h12m07s01_7.jpeg 4 16 23 14 25 12 144 137 147 52 73 64 74 17 200 193 203
Y2015M06D09h12m07s01_8.jpeg 3 16 13 10 19 77 73 69 78 6 123 121 130
Y2015M06D09h12m07s01_9.jpeg 4 8 9 7 11 60 93 90 94 15 47 45 50 15 158 155 162
Y2015M06D09h16m15s51_1.jpeg 4 28 12 13 23 11 117 117 130 52 49 53 63 8 172 174 186
Y2015M06D09h16m15s51_10.jpeg 3 17 13 13 17 76 56 58 68 6 125 127 130
Y2015M06D09h16m15s51_2.jpeg 3 33 10 11 19 32 175 176 186 34 56 56 67
Y2015M06D09h16m15s51_3.jpeg 4 22 7 10 17 9 175 176 185 55 46 48 58 12 98 99 110
Y2015M06D09h16m15s51_4.jpeg 5 17 4 6 10 11 91 90 91 58 44 45 53 2 184 173 151 9 155 155 161
Y2015M06D09h16m15s51_5.jpeg 4 22 9 11 14 60 50 53 59 10 156 157 158 5 89 91 94
Y2015M06D09h16m15s51_6.jpeg 3 6 9 11 20 6 124 126 136 86 51 56 65
Y2015M06D09h16m15s51_7.jpeg 4 13 7 8 16 8 172 173 181 65 46 49 60 12 97 98 108
Y2015M06D09h16m15s51_8.jpeg 4 33 8 7 11 9 155 156 157 52 50 50 60 3 186 177 145
Y2015M06D09h16m15s51_9.jpeg 5 27 9 9 19 7 149 149 160 7 99 99 108 7 205 204 216 49 49 48 59
Y2015M06D12h09m38s57_1.jpeg 3 25 5 5 8 37 98 97 102 36 34 33 40
Y2015M06D12h09m38s57_10.jpeg 3 85 27 27 34 11 99 97 102 2 156 156 159
Y2015M06D12h09m38s57_2.jpeg 3 9 8 8 12 85 35 34 44 4 87 86 92
Y2015M06D12h09m38s57_3.jpeg 2 91 31 30 40 8 108 105 111
Y2015M06D12h09m38s57_4.jpeg 2 89 28 27 35 10 97 96 99
Y2015M06D12h09m38s57_5.jpeg 2 96 30 31 39 3 117 116 121
Y2015M06D12h09m38s57_6.jpeg 2 88 28 27 38 11 105 104 113
Y2015M06D12h09m38s57_7.jpeg 3 11 7 7 12 16 98 97 104 72 31 32 42
Y2015M06D12h09m38s57_8.jpeg 2 95 30 31 37 4 65 65 68
Y2015M06D12h09m38s57_9.jpeg 2 97 30 28 36 2 97 95 98
Y2015M06D12h12m09s02_1.jpeg 4 11 41 44 42 29 123 136 130 10 201 211 228 47 83 88 88
Y2015M06D12h12m09s02_10.jpeg 5 16 5 5 5 11 33 34 33 9 177 182 178 38 108 116 111 24 70 72 70
Y2015M06D12h12m09s02_2.jpeg 4 14 54 56 56 22 207 214 230 55 91 99 97 7 166 157 160
Y2015M06D12h12m09s02_3.jpeg 4 14 11 10 11 24 195 194 200 15 48 48 49 45 90 92 91
Y2015M06D12h12m09s02_4.jpeg 3 22 20 20 20 71 85 88 87 5 184 182 186
Y2015M06D12h12m09s02_5.jpeg 4 9 6 7 7 16 208 208 210 12 43 44 44 61 87 90 89
Y2015M06D12h12m09s02_6.jpeg 3 23 12 12 11 68 77 79 78 8 189 186 187
Y2015M06D12h12m09s02_7.jpeg 4 19 16 15 15 17 206 200 209 56 71 70 71 6 130 121 127
Y2015M06D12h12m09s02_8.jpeg 4 14 15 12 16 6 147 141 153 67 75 73 77 11 193 190 207
Y2015M06D12h12m09s02_9.jpeg 4 12 10 7 8 14 50 45 47 8 139 135 137 64 81 82 81
Y2015M06D12h12m09s03_1.jpeg 4 46 5 5 10 11 67 66 87 13 128 127 139 28 178 177 183
Y2015M06D12h12m09s03_10.jpeg 4 15 2 3 9 37 97 104 124 35 46 51 65 10 173 176 196
Y2015M06D12h12m09s03_2.jpeg 4 28 16 14 19 54 71 68 76 8 103 107 126 7 157 155 163
Y2015M06D12h12m09s03_3.jpeg 4 10 20 21 29 47 124 126 134 30 65 67 78 11 175 176 183
Y2015M06D12h12m09s03_4.jpeg 4 4 13 12 22 39 123 131 149 12 188 188 201 43 69 73 88
Y2015M06D12h12m09s03_5.jpeg 3 6 13 13 22 65 118 124 141 28 63 67 81
Y2015M06D12h12m09s03_6.jpeg 4 10 11 11 22 19 166 166 180 37 59 60 72 32 100 102 116
Y2015M06D12h12m09s03_7.jpeg 4 15 7 6 11 20 151 150 158 31 51 54 68 32 91 94 109
Y2015M06D12h12m09s03_8.jpeg 5 8 9 9 15 26 122 120 126 26 55 57 73 36 88 96 119 2 181 180 196
Y2015M06D12h12m09s03_9.jpeg 4 14 5 6 10 34 99 102 116 33 47 52 65 17 142 145 151
Y2015M06D12h16m06s28_1.jpeg 4 31 17 16 29 13 198 199 213 43 75 75 92 11 134 132 147
Y2015M06D12h16m06s28_10.jpeg 5 14 7 8 14 29 101 115 144 43 59 67 89 6 143 145 156 6 193 194 211
Y2015M06D12h16m06s28_2.jpeg 4 33 10 10 20 15 139 140 148 21 194 195 205 29 66 67 82
Y2015M06D12h16m06s28_3.jpeg 4 20 5 5 11 38 183 182 190 12 36 36 48 27 85 86 101
Y2015M06D12h16m06s28_4.jpeg 4 41 7 8 15 11 124 124 132 34 63 65 77 12 179 182 196
Y2015M06D12h16m06s28_5.jpeg 4 34 10 12 19 41 68 73 91 14 130 131 138 9 193 194 205
Y2015M06D12h16m06s28_6.jpeg 4 28 7 8 14 29 59 62 78 35 91 105 131 6 161 162 168
Y2015M06D12h16m06s28_7.jpeg 4 30 11 13 19 7 141 142 149 49 63 68 84 11 198 198 209
Y2015M06D12h16m06s28_8.jpeg 4 29 11 11 18 8 139 139 147 44 68 71 86 17 199 199 208
Y2015M06D12h16m06s28_9.jpeg 4 7 7 10 22 40 98 112 144 44 58 65 87 8 152 154 164
Y2015M06D12h18m33s55_1.jpeg 4 26 6 7 13 7 150 151 168 44 63 66 86 21 201 201 218
Y2015M06D12h18m33s55_10.jpeg 3 8 11 15 28 12 144 152 167 79 66 76 93
Y2015M06D12h18m33s55_2.jpeg 5 10 4 4 8 16 202 204 220 14 32 36 57 12 139 141 156 46 70 73 98
Y2015M06D12h18m33s55_3.jpeg 5 14 7 8 17 11 201 202 217 58 57 61 83 5 97 110 139 8 149 150 170
Y2015M06D12h18m33s55_4.jpeg 5 23 8 11 25 7 141 146 162 7 91 116 159 51 55 61 80 9 203 208 221
Y2015M06D12h18m33s55_5.jpeg 5 12 10 12 23 3 97 117 150 77 56 62 78 4 138 141 152 2 210 214 220
Y2015M06D12h18m33s55_6.jpeg 5 10 5 6 16 12 37 41 55 2 127 134 149 71 71 78 95 3 181 186 198
Y2015M06D12h18m33s55_7.jpeg 4 21 9 14 27 12 132 140 155 56 59 66 80 9 194 201 214
Y2015M06D12h18m33s55_8.jpeg 4 19 8 11 23 71 58 63 78 4 129 135 148 4 199 204 220
Y2015M06D12h18m33s55_9.jpeg 4 15 12 13 26 9 81 101 143 7 138 142 153 68 62 67 82
Y2015M06D12h20m52s03_1.jpeg 4 6 11 12 37 41 138 140 168 37 173 189 235 15 61 59 85
Y2015M06D12h20m52s03_10.jpeg 4 9 3 3 10 11 132 137 172 71 169 180 217 7 53 48 81
Y2015M06D12h20m52s03_2.jpeg 4 2 5 7 30 84 159 169 209 6 115 114 148 6 50 50 79
Y2015M06D12h20m52s03_3.jpeg 4 12 6 5 16 74 147 154 189 6 79 77 94 6 165 165 182
Y2015M06D12h20m52s03_4.jpeg 4 9 7 6 26 61 152 158 196 14 52 49 78 13 128 126 152
Y2015M06D12h20m52s03_5.jpeg 4 4 11 11 26 60 170 186 229 11 74 74 93 23 142 148 175
Y2015M06D12h20m52s03_6.jpeg 4 6 7 5 28 69 146 154 190 16 41 37 63 7 97 96 122
Y2015M06D12h20m52s03_7.jpeg 3 9 68 63 103 79 174 189 233 10 145 147 174
Y2015M06D12h20m52s03_8.jpeg 4 7 5 6 21 77 166 181 227 2 68 69 102 12 161 167 190
Y2015M06D12h20m52s03_9.jpeg 4 6 9 10 33 64 145 154 196 17 137 140 161 12 60 61 86
Y2015M06D15h11m53s55_1.jpeg 4 25 13 13 26 7 126 123 145 60 63 64 80 7 167 168 181
Y2015M06D15h11m53s55_10.jpeg 4 18 7 7 16 74 54 56 73 2 136 135 148 5 197 194 210
Y2015M06D15h11m53s55_2.jpeg 4 36 7 7 17 10 141 141 155 35 58 56 73 17 194 193 206
Y2015M06D15h11m53s55_3.jpeg 4 15 10 9 22 7 144 141 161 71 55 56 75 4 212 209 230
Y2015M06D15h11m53s55_4.jpeg 4 29 8 6 14 8 132 130 143 29 57 55 66 31 193 190 201
Y2015M06D15h11m53s55_5.jpeg 4 18 8 8 17 9 139 138 156 60 54 56 74 11 200 198 214
Y2015M06D15h11m53s55_6.jpeg 4 15 8 7 14 4 133 132 144 72 54 55 69 7 198 196 206
Y2015M06D15h11m53s55_7.jpeg 4 24 9 8 19 6 124 124 139 61 57 55 72 7 174 173 187
Y2015M06D15h11m53s55_8.jpeg 4 29 8 6 14 12 125 124 138 20 184 183 195 36 57 53 69
Y2015M06D15h11m53s55_9.jpeg 4 27 6 5 11 10 133 133 146 33 52 49 59 27 192 191 201
Y2015M06D15h18m36s40_1.jpeg 3 67 59 53 64 28 115 103 102 3 169 159 167
Y2015M06D15h18m36s40_2.jpeg 4 60 68 58 71 24 120 104 103 9 174 157 162 5 233 215 227
Y2015M06D15h18m36s40_3.jpeg 4 19 8 6 12 11 114 100 101 60 57 53 66 9 182 179 187
Y2015M06D15h18m36s40_4.jpeg 5 12 15 7 16 10 161 148 153 36 59 47 58 15 111 95 96 24 206 199 205
Y2015M06D15h18m36s40_5.jpeg 5 15 20 10 18 15 112 90 82 52 64 54 68 7 135 126 129 7 188 182 187
Y2015M06D15h18m36s40_6.jpeg 5 46 6 4 6 12 186 182 184 4 128 123 127 33 65 58 73 3 152 121 121
Y2015M06D16h18m13s35_1.jpeg 3 5 12 19 50 12 124 138 173 81 41 55 88
Y2015M06D16h18m13s35_10.jpeg 4 16 4 13 34 74 42 60 90 4 103 117 145 4 156 174 202
Y2015M06D16h18m13s35_2.jpeg 5 14 3 5 10 8 119 134 162 14 6 18 49 47 39 54 84 14 174 191 223
Y2015M06D16h18m13s35_3.jpeg 3 23 4 12 40 26 148 167 197 50 41 55 87
Y2015M06D16h18m13s35_4.jpeg 4 15 2 10 36 18 143 158 185 54 29 44 71 11 67 82 110
Y2015M06D16h18m13s35_5.jpeg 4 66 33 48 80 12 120 139 169 9 185 199 237 11 2 10 34
Y2015M06D16h18m13s35_6.jpeg 5 17 4 15 45 10 116 134 160 39 41 54 85 19 173 193 226 13 4 5 10
Y2015M06D16h18m13s35_7.jpeg 5 17 3 12 37 4 97 117 152 68 40 59 91 5 171 190 225 3 120 131 147
Y2015M06D16h18m13s35_8.jpeg 5 12 4 16 48 6 105 120 152 59 42 59 92 11 166 181 213 9 1 3 11
Y2015M06D16h18m13s35_9.jpeg 3 13 4 13 37 82 43 63 93 4 104 121 144
Y2015M06D17h17m33s17_1.jpeg 4 10 15 24 49 33 164 178 203 40 72 83 108 15 3 6 11
Y2015M06D17h17m33s17_2.jpeg 4 12 2 8 23 37 165 182 207 13 29 42 70 35 76 88 116
Y2015M06D17h17m33s17_3.jpeg 3 23 14 25 52 68 79 90 120 7 149 161 191
Y2015M06D17h17m33s17_4.jpeg 4 14 4 7 19 52 75 87 117 26 118 124 147 6 168 186 215
Y2015M06D17h17m33s17_5.jpeg 4 9 2 4 12 13 23 34 56 20 153 167 189 56 80 92 116
Y2015M06D17h17m33s17_6.jpeg 4 23 4 6 17 15 39 51 74 22 167 180 202 38 87 99 126
Y2015M06D17h17m33s17_7.jpeg 4 22 3 4 11 13 54 64 91 10 168 180 202 52 93 104 130
Y2015M06D17h17m33s17_8.jpeg 4 8 6 14 35 67 83 93 119 6 154 169 188 17 41 53 74
Y2015M06D17h17m33s17_9.jpeg 3 5 4 6 13 8 155 166 186 86 79 89 112
Y2015M06D17h18m42s35_1.jpeg 5 24 2 11 37 6 126 142 168 33 34 44 77 27 179 202 228 7 72 86 109
Y2015M06D17h18m42s35_2.jpeg 4 16 6 16 46 16 113 128 157 58 46 58 87 7 191 208 237
Y2015M06D18h16m26s08_1.jpeg 5 11 8 22 64 31 96 117 169 43 51 69 120 6 130 140 174 6 156 176 226
Y2015M06D18h16m26s08_10.jpeg 4 12 15 31 67 34 97 123 180 12 122 138 173 40 59 77 123
Y2015M06D18h16m26s08_2.jpeg 5 7 8 19 52 12 35 53 102 39 160 176 218 26 88 108 158 14 3 7 13
Y2015M06D18h16m26s08_3.jpeg 7 6 7 22 60 27 114 142 199 14 38 57 106 5 172 189 241 36 72 93 148 5 125 137 167 4 2 5 22
Y2015M06D18h16m26s08_4.jpeg 6 19 4 6 18 10 27 45 91 33 114 141 197 8 140 152 182 22 66 89 147 6 73 85 115
Y2015M06D18h16m26s08_5.jpeg 4 15 13 25 67 59 66 80 131 8 164 181 222 16 109 123 171
Y2015M06D18h16m26s08_6.jpeg 6 15 3 6 15 24 61 83 133 30 104 129 182 5 114 125 149 10 29 39 71 13 159 176 215
Y2015M06D18h16m26s08_7.jpeg 4 41 3 4 8 9 19 33 71 24 156 170 204 23 80 88 132
Y2015M06D18h16m26s08_8.jpeg 5 7 13 24 60 24 165 176 211 46 71 88 130 15 114 119 153 5 5 4 30
Y2015M06D18h16m26s08_9.jpeg 5 16 4 9 29 11 37 47 86 16 160 173 206 45 76 92 138 10 118 117 151
Y2015M06D24h10m41s16_1.jpeg 6 16 6 5 7 10 186 175 184 15 68 70 84 10 133 121 124 20 106 114 144 26 236 226 228
Y2015M06D24h10m41s16_10.jpeg 6 18 5 5 7 6 176 162 168 20 59 67 89 12 103 96 101 24 86 102 140 17 234 220 218
Y2015M06D24h10m41s16_2.jpeg 7 22 6 6 7 8 119 109 116 14 64 76 103 13 64 64 70 17 231 221 225 15 102 112 151 7 169 155 158
Y2015M06D24h10m41s16_3.jpeg 6 21 4 4 5 7 150 150 173 23 92 98 136 25 62 68 81 18 235 227 234 3 163 156 157
Y2015M06D24h10m41s16_4.jpeg 7 19 6 6 7 9 174 164 167 8 50 64 97 10 60 61 73 16 232 225 229 27 98 106 138 7 104 99 103
Y2015M06D24h10m41s16_5.jpeg 7 18 7 7 8 8 152 139 142 12 111 132 171 5 24 35 61 26 230 219 222 12 71 70 81 16 80 89 117
Y2015M06D24h10m41s16_6.jpeg 7 23 5 5 6 8 186 176 180 15 64 80 111 10 69 65 73 16 114 104 108 12 102 123 162 13 232 227 224
Y2015M06D24h10m41s16_7.jpeg 7 19 6 5 8 6 176 167 172 19 63 69 98 9 93 86 89 11 92 112 154 25 230 220 224 7 121 125 152
Y2015M06D24h10m41s16_8.jpeg 5 17 5 6 7 7 153 142 150 33 83 97 132 15 78 75 83 25 226 214 214
Y2015M06D24h10m41s16_9.jpeg 7 28 5 4 5 8 176 165 168 6 40 44 61 10 105 97 99 13 105 120 161 22 232 223 226 11 77 84 109
Y2015M06D24h10m55s25_1.jpeg 4 20 6 5 10 30 197 195 207 14 41 42 55 34 91 92 107
Y2015M06D24h12m35s44_1.jpeg 3 13 10 3 4 53 212 200 208 33 93 84 97
Y2015M06D24h12m35s44_10.jpeg 6 13 7 5 6 42 237 235 243 7 75 73 108 10 93 83 90 13 149 134 139 11 145 145 177
Y2015M06D24h12m35s44_2.jpeg 5 19 7 5 7 11 159 157 172 25 95 88 96 33 224 219 228 10 172 151 150
Y2015M06D24h12m35s44_3.jpeg 7 2 16 9 14 35 232 232 240 9 157 157 182 12 221 195 194 15 83 77 90 15 157 149 154 9 116 92 90
Y2015M06D24h12m35s44_4.jpeg 6 4 10 9 12 9 158 161 182 23 187 168 166 36 235 238 243 9 81 75 92 15 118 101 104
Y2015M06D24h12m35s44_5.jpeg 6 6 8 3 3 10 159 158 172 9 79 71 91 37 235 235 241 17 120 106 109 17 197 171 174
Y2015M06D24h12m35s44_6.jpeg 6 9 6 4 5 5 184 182 197 9 82 78 97 17 104 94 96 14 165 145 145 43 232 235 240
Y2015M06D24h12m35s44_7.jpeg 5 15 8 6 8 14 166 167 180 9 75 75 100 17 128 114 119 43 231 229 235
Y2015M06D24h12m35s44_8.jpeg 4 24 4 3 3 43 220 209 213 18 86 84 101 13 141 135 146
Y2015M06D24h12m35s44_9.jpeg 5 29 4 4 4 14 102 96 107 30 233 231 236 11 166 167 178 13 180 157 159
Y2015M06D24h17m59s30_1.jpeg 4 5 9 20 48 14 142 164 199 73 64 64 83 5 137 133 143
Y2015M06D24h17m59s30_10.jpeg 4 17 10 10 17 6 146 144 155 49 58 58 76 25 205 200 207
Y2015M06D24h17m59s30_2.jpeg 4 22 13 11 19 22 194 188 193 44 55 54 66 10 123 120 130
Y2015M06D24h17m59s30_3.jpeg 5 16 11 9 16 10 175 168 168 58 53 57 70 5 104 103 111 9 75 63 59
Y2015M06D24h17m59s30_4.jpeg 3 15 10 12 18 8 143 144 150 76 61 63 80
Y2015M06D24h17m59s30_5.jpeg 4 17 9 10 17 12 132 131 137 59 56 59 72 10 192 192 201
Y2015M06D24h17m59s30_6.jpeg 3 10 8 8 17 83 59 62 81 6 130 117 130
Y2015M06D24h17m59s30_7.jpeg 4 9 11 10 22 14 195 188 201 71 57 59 78 4 124 121 138
Y2015M06D24h17m59s30_8.jpeg 4 21 9 8 15 65 55 53 66 4 184 185 193 8 100 98 107
Y2015M06D24h17m59s30_9.jpeg 3 6 23 14 19 11 138 131 134 81 61 58 69
Y2015M06D29h18m06s13_1.jpeg 4 24 3 6 9 26 55 65 76 36 107 122 127 12 163 171 181
Y2015M06D29h18m06s13_2.jpeg 5 16 3 5 8 14 44 53 64 10 202 214 225 44 90 101 108 14 141 151 161
Y2015M06D29h18m06s13_3.jpeg 5 12 4 7 13 18 200 211 222 14 56 63 76 41 88 99 105 13 142 152 163
Y2015M06D29h18m06s13_4.jpeg 3 21 6 9 12 71 89 95 106 7 176 183 187
Y2015M06D29h18m06s13_5.jpeg 4 9 3 7 12 47 109 124 132 22 191 201 217 20 56 66 79
Y2015M06D29h18m06s13_6.jpeg 5 7 5 5 9 21 201 209 224 12 66 74 89 53 105 116 125 5 120 119 109
Y2015M06D29h18m06s13_7.jpeg 5 12 3 7 10 15 71 78 88 11 191 199 213 53 104 115 120 6 125 136 125
Y2015M06D29h18m06s13_8.jpeg 4 37 4 4 7 9 67 69 82 12 183 192 204 40 111 118 128
Y2015M06D29h18m34s24_1.jpeg 4 18 4 9 26 11 107 118 137 41 39 48 70 27 171 183 198
Y2015M06D29h18m34s24_10.jpeg 2 97 34 45 65 2 101 112 131
Y2015M06D29h18m34s24_2.jpeg 3 8 5 10 27 83 36 47 67 8 96 107 123
Y2015M06D29h18m34s24_3.jpeg 4 12 4 10 25 12 108 120 136 68 37 47 69 6 177 187 203
Y2015M06D29h18m34s24_4.jpeg 4 16 4 10 25 6 100 111 129 67 35 47 67 10 156 168 182
Y2015M06D29h18m34s24_5.jpeg 4 15 6 14 29 5 91 101 118 76 41 54 72 2 149 157 166
Y2015M06D29h18m34s24_6.jpeg 4 12 5 14 31 5 119 132 144 73 35 46 67 9 176 189 202
Y2015M06D29h18m34s24_7.jpeg 4 10 4 10 26 5 99 110 125 74 32 43 64 9 168 179 193
Y2015M06D29h18m34s24_8.jpeg 4 12 4 8 22 3 116 125 140 77 32 42 63 7 180 190 202
Y2015M06D29h18m34s24_9.jpeg 3 12 4 9 19 6 104 112 124 81 32 43 63
