Y2015M04D28h05m43s02_1.jpeg 4 4 33 28 36 47 169 172 181 26 98 80 84 21 90 93 109 0 0 0 0 0 0 0 0 0 0 0 0
Y2015M04D28h05m43s02_10.jpeg 5 2 4 7 15 17 119 122 139 38 73 79 98 35 165 167 176 6 40 42 55
Y2015M04D28h05m43s02_2.jpeg 5 4 15 9 15 39 169 172 187 30 106 106 128 16 106 84 94 8 52 43 57
Y2015M04D28h05m43s02_3.jpeg 4 3 5 5 12 35 173 177 190 42 117 109 124 18 72 56 63
Y2015M04D28h05m43s02_4.jpeg 4 4 5 7 14 40 164 167 180 41 91 96 116 13 48 50 66
Y2015M04D28h05m43s02_5.jpeg 5 3 10 8 17 37 163 166 180 42 92 97 118 4 159 142 148 12 54 54 67
Y2015M04D28h05m43s02_6.jpeg 3 8 20 25 33 49 165 166 178 41 87 90 110
Y2015M04D28h05m43s02_7.jpeg 3 9 25 26 36 49 159 161 171 40 86 90 107
Y2015M04D28h05m43s02_8.jpeg 4 12 41 42 54 27 162 170 179 50 90 95 112 9 155 133 144
Y2015M04D28h05m43s02_9.jpeg 4 11 48 46 59 34 167 172 186 44 96 101 118 8 158 131 135
Y2015M04D28h06m03s18_1.jpeg 4 10 20 10 25 26 138 125 141 39 80 68 83 24 186 176 193
Y2015M04D28h06m03s18_2.jpeg 4 6 24 13 27 26 133 121 138 24 184 170 187 42 75 60 75
Y2015M04D28h06m03s18_3.jpeg 3 5 18 8 18 42 167 154 170 52 76 62 76
Y2015M04D28h06m04s36_1.jpeg 4 4 14 10 32 76 122 137 165 9 69 66 91 9 163 185 217
Y2015M04D28h06m04s36_2.jpeg 4 12 13 14 38 65 134 150 180 12 47 47 74 9 88 93 119
Y2015M04D28h06m04s36_3.jpeg 2 30 33 34 55 69 129 142 171
Y2015M04D28h06m04s36_4.jpeg 4 7 9 10 33 17 94 101 130 56 135 149 180 18 43 44 69
Y2015M04D28h06m04s36_5.jpeg 3 5 13 12 38 80 131 146 176 14 67 63 87
Y2015M04D28h06m04s36_6.jpeg 4 10 13 14 37 17 113 115 142 36 149 163 195 36 50 52 68
Y2015M04D28h06m04s36_7.jpeg 4 8 10 10 32 58 139 156 187 18 47 44 68 13 88 94 121
Y2015M04D28h06m04s36_8.jpeg 4 9 8 7 32 10 100 99 125 58 141 155 190 21 45 43 65
Y2015M04D28h06m04s36_9.jpeg 3 22 34 38 58 8 91 103 134 68 134 151 183
Y2015M04D28h06m06s06_1.jpeg 4 10 22 9 11 10 92 77 81 77 38 36 46 2 165 142 144
Y2015M04D28h06m06s06_10.jpeg 2 97 38 37 48 2 93 92 104
Y2015M04D28h06m06s06_2.jpeg 1 99 38 36 48
Y2015M04D28h06m06s06_3.jpeg 2 96 33 32 42 3 73 74 82
Y2015M04D28h06m06s06_4.jpeg 2 96 31 31 41 3 69 69 76
Y2015M04D28h06m06s06_5.jpeg 2 96 30 30 40 3 87 85 94
Y2015M04D28h06m06s06_6.jpeg 2 92 30 30 41 7 77 74 82
Y2015M04D28h06m06s06_7.jpeg 2 98 35 35 46 1 100 98 108
Y2015M04D28h06m06s06_8.jpeg 2 98 36 36 46 1 106 105 116
Y2015M04D28h06m06s06_9.jpeg 2 96 38 36 48 3 83 82 92
Y2015M04D29h04m23s27_1.jpeg 1 99 49 49 65
Y2015M04D29h04m23s27_10.jpeg 3 3 18 17 28 94 45 45 61 1 106 104 116
Y2015M04D29h04m23s27_2.jpeg 2 97 51 50 64 2 102 96 108
Y2015M04D29h04m23s27_3.jpeg 2 92 44 44 60 6 94 78 87
Y2015M04D29h04m23s27_4.jpeg 2 2 9 7 16 97 44 44 60
Y2015M04D29h04m23s27_5.jpeg 1 99 41 44 60
Y2015M04D29h04m23s27_6.jpeg 3 1 12 7 22 93 43 42 59 4 80 75 94
Y2015M04D29h04m23s27_7.jpeg 2 96 41 43 57 3 94 86 93
Y2015M04D29h04m23s27_8.jpeg 3 3 18 15 26 4 85 85 95 91 42 43 59
Y2015M04D29h04m23s27_9.jpeg 2 95 43 44 59 4 88 86 100
Y2015M04D29h05m39s56_1.jpeg 2 3 48 52 75 96 106 108 131
Y2015M04D29h05m39s56_2.jpeg 2 10 41 49 64 89 104 110 133
Y2015M04D29h05m39s56_3.jpeg 3 2 8 11 26 5 58 65 81 91 106 114 133
Y2015M04D29h05m39s56_4.jpeg 2 8 19 26 39 91 108 114 135
Y2015M04D29h05m39s56_5.jpeg 3 5 2 4 14 89 105 113 134 4 26 34 46
Y2015M04D29h05m39s56_6.jpeg 3 5 7 9 22 6 66 72 89 87 107 113 132
Y2015M04D29h05m39s56_7.jpeg 2 6 4 5 18 93 105 111 132
Y2015M04D29h05m39s56_8.jpeg 3 1 6 10 27 92 105 112 133 6 40 46 63
Y2015M04D29h05m40s23_1.jpeg 4 10 8 8 18 81 49 50 64 3 104 104 115 4 155 156 166
Y2015M04D29h05m40s23_10.jpeg 3 10 8 8 10 84 48 48 60 5 151 153 148
Y2015M04D29h05m40s23_2.jpeg 3 13 7 8 14 7 141 142 146 78 47 48 60
Y2015M04D29h05m40s23_3.jpeg 3 11 7 7 13 6 146 146 151 81 47 48 62
Y2015M04D29h05m40s23_4.jpeg 4 9 6 7 12 83 52 54 66 2 109 109 112 4 158 160 163
Y2015M04D29h05m40s23_5.jpeg 4 8 7 10 12 84 53 54 67 4 155 159 157 1 87 91 91
Y2015M04D29h05m40s23_6.jpeg 4 10 9 8 13 3 164 164 162 83 47 48 61 2 101 101 101
Y2015M04D29h05m40s23_7.jpeg 4 9 7 8 11 4 158 159 158 83 45 47 60 2 87 90 90
Y2015M04D29h05m40s23_8.jpeg 3 8 8 9 10 86 50 50 64 5 151 154 148
Y2015M04D29h05m40s23_9.jpeg 4 8 6 7 9 4 165 167 161 85 47 48 61 1 103 105 101
Y2015M04D30h03m37s58_1.jpeg 1 99 43 52 68
Y2015M04D30h03m37s58_10.jpeg 1 99 42 49 66
Y2015M04D30h03m37s58_2.jpeg 1 99 43 53 71
Y2015M04D30h03m37s58_3.jpeg 1 99 45 51 68
Y2015M04D30h03m37s58_4.jpeg 1 99 44 51 67
Y2015M04D30h03m37s58_5.jpeg 1 99 43 50 65
Y2015M04D30h03m37s58_6.jpeg 1 99 44 51 67
Y2015M04D30h03m37s58_7.jpeg 1 99 46 53 69
Y2015M04D30h03m37s58_8.jpeg 1 99 41 48 63
Y2015M04D30h03m37s58_9.jpeg 1 99 39 47 61
Y2015M04D30h04m06s21_1.jpeg 1 99 20 26 42
Y2015M04D30h04m06s21_10.jpeg 1 99 21 27 43
Y2015M04D30h04m06s21_2.jpeg 1 99 20 26 43
Y2015M04D30h04m06s21_3.jpeg 1 99 20 26 42
Y2015M04D30h04m06s21_4.jpeg 2 96 20 25 43 3 52 76 100
Y2015M04D30h04m06s21_5.jpeg 1 99 20 26 42
Y2015M04D30h04m06s21_6.jpeg 2 98 20 26 41 1 46 61 80
Y2015M04D30h04m06s21_7.jpeg 2 98 21 27 42 1 57 70 91
Y2015M04D30h04m06s21_8.jpeg 1 99 22 28 43
Y2015M04D30h04m06s21_9.jpeg 1 98 21 27 43
Y2015M04D30h05m24s42_1.jpeg 2 9 40 26 39 90 65 54 67
Y2015M04D30h05m24s42_10.jpeg 2 63 44 32 44 36 90 80 93
Y2015M04D30h05m24s42_2.jpeg 1 99 62 51 64
Y2015M04D30h05m24s42_3.jpeg 1 99 62 51 63
Y2015M04D30h05m24s42_4.jpeg 1 99 60 50 64
Y2015M04D30h05m24s42_5.jpeg 1 99 62 51 64
Y2015M04D30h05m24s42_6.jpeg 2 68 48 37 50 31 87 78 92
Y2015M04D30h05m24s42_7.jpeg 2 64 44 34 47 35 79 72 86
Y2015M04D30h05m24s42_8.jpeg 2 75 47 37 50 24 84 78 92
Y2015M04D30h05m24s42_9.jpeg 3 8 19 11 23 28 87 79 92 62 49 37 50
Y2015M04D30h12m04s09_1.jpeg 4 1 27 16 30 82 156 145 157 11 86 75 88 4 208 196 210
Y2015M04D30h12m04s09_2.jpeg 3 3 42 24 35 79 165 152 166 16 110 98 109
Y2015M04D30h12m04s09_3.jpeg 3 3 36 25 37 13 102 91 105 82 159 147 162
Y2015M04D30h12m04s09_4.jpeg 2 10 107 99 107 89 160 149 160
Y2015M04D30h12m04s09_5.jpeg 4 3 15 6 13 17 120 108 120 76 164 152 166 3 66 54 64
Y2015M04D30h12m04s09_6.jpeg 3 2 64 51 64 86 164 154 168 10 116 105 118
Y2015M04D30h12m04s09_7.jpeg 3 2 64 55 66 84 162 152 164 12 119 110 121
Y2015M04D30h12m04s09_8.jpeg 2 16 123 112 122 83 167 155 166
Y2015M04D30h12m04s09_9.jpeg 3 1 25 13 24 89 166 154 167 8 93 80 92
Y2015M04D30h12m12s38_1.jpeg 1 99 230 231 238
Y2015M04D30h12m12s38_2.jpeg 3 3 84 96 109 76 240 242 248 20 185 184 199
Y2015M04D30h12m12s38_3.jpeg 3 3 125 126 135 72 242 244 249 23 192 192 204
Y2015M04D30h12m12s38_4.jpeg 4 5 73 81 96 24 203 203 219 6 156 161 174 63 243 246 249
Y2015M04D30h12m12s38_5.jpeg 3 2 81 93 99 78 240 243 248 18 187 189 204
Y2015M05D06h03m18s49_1.jpeg 3 94 44 43 65 3 110 105 128 1 170 163 183
Y2015M05D06h03m18s49_10.jpeg 5 6 13 7 27 4 177 174 200 78 41 42 65 4 98 93 117 6 165 149 157
Y2015M05D06h03m18s49_2.jpeg 4 8 11 8 33 4 119 117 145 79 45 45 69 7 174 174 204
Y2015M05D06h03m18s49_3.jpeg 4 6 11 6 25 5 107 102 130 78 43 43 67 9 168 161 188
Y2015M05D06h03m18s49_4.jpeg 4 6 12 9 31 3 93 91 112 85 41 43 65 3 151 149 168
Y2015M05D06h03m18s49_5.jpeg 4 8 14 7 29 5 106 98 122 76 41 43 65 9 161 144 159
Y2015M05D06h03m18s49_6.jpeg 4 5 11 7 24 3 94 90 110 81 40 42 65 9 162 144 157
Y2015M05D06h03m18s49_7.jpeg 4 5 12 7 29 2 113 107 132 89 43 45 67 1 173 162 181
Y2015M05D06h03m18s49_8.jpeg 5 6 13 9 29 5 180 180 211 82 44 45 68 3 163 152 167 2 106 104 129
Y2015M05D06h03m18s49_9.jpeg 4 5 12 10 27 6 159 148 161 83 43 44 66 4 86 82 101
Y2015M05D06h09m23s16_1.jpeg 2 98 21 23 33 1 55 54 62
Y2015M05D06h09m23s16_2.jpeg 1 99 21 23 34
Y2015M05D06h09m23s16_3.jpeg 1 99 23 25 34
Y2015M05D06h09m23s16_4.jpeg 2 9 5 6 12 90 32 33 44
Y2015M05D07h04m11s44_1.jpeg 3 43 34 21 32 18 84 69 79 38 146 129 142
Y2015M05D07h05m39s29_1.jpeg 4 10 7 19 41 9 98 113 140 75 155 178 209 4 207 231 252
Y2015M05D07h05m39s29_10.jpeg 4 20 3 5 11 12 101 115 139 56 159 180 210 10 21 36 51
Y2015M05D07h05m39s29_2.jpeg 4 11 16 33 47 12 119 138 167 73 165 188 220 3 51 70 103
Y2015M05D07h05m39s29_3.jpeg 5 2 0 4 23 8 120 137 170 76 163 184 221 8 23 34 57 4 72 81 110
Y2015M05D07h05m39s29_4.jpeg 4 4 2 9 29 13 118 134 163 75 166 188 221 7 56 67 95
Y2015M05D07h05m39s29_5.jpeg 4 19 7 19 36 5 100 121 145 65 155 180 212 8 52 69 89
Y2015M05D07h05m39s29_6.jpeg 3 5 21 32 56 22 106 115 146 72 166 187 223
Y2015M05D07h05m39s29_7.jpeg 4 30 4 7 17 9 72 81 106 33 167 188 218 26 134 144 167
Y2015M05D07h05m39s29_8.jpeg 4 19 3 9 22 10 99 111 136 54 161 182 211 14 27 39 60
Y2015M05D07h05m39s29_9.jpeg 3 24 16 26 49 10 102 121 148 64 163 184 216
Y2015M05D07h10m50s24_1.jpeg 4 5 31 46 75 60 164 175 208 24 223 229 251 9 104 114 149
Y2015M05D07h10m50s24_10.jpeg 4 24 42 43 67 21 145 143 172 31 90 90 119 22 212 207 234
Y2015M05D07h10m50s24_2.jpeg 4 2 47 54 86 51 173 178 212 29 222 221 242 15 109 114 148
Y2015M05D07h10m50s24_3.jpeg 3 15 124 128 167 35 217 224 245 49 171 177 213
Y2015M05D07h10m50s24_4.jpeg 4 14 104 98 129 34 231 225 245 40 176 179 215 10 178 161 182
Y2015M05D07h10m50s24_5.jpeg 4 4 2 4 5 14 164 159 183 62 84 86 108 19 53 54 64
Y2015M05D07h10m50s24_6.jpeg 3 7 28 24 36 72 68 67 87 20 114 111 134
Y2015M05D07h10m50s24_7.jpeg 3 57 82 81 108 33 144 141 169 8 52 43 62
Y2015M05D07h10m50s24_8.jpeg 3 10 31 26 41 33 124 123 152 55 69 66 87
Y2015M05D07h10m50s24_9.jpeg 4 10 36 31 50 62 90 91 117 23 163 164 194 3 151 137 152
Y2015M05D08h06m00s16_1.jpeg 3 3 26 63 57 93 46 97 74 2 99 142 127
Y2015M05D08h06m00s16_10.jpeg 2 6 19 44 47 93 50 97 75
Y2015M05D08h06m00s16_2.jpeg 2 94 46 93 72 5 82 129 116
Y2015M05D08h06m00s16_3.jpeg 3 24 37 77 69 73 51 101 75 2 112 149 146
Y2015M05D08h06m00s16_4.jpeg 2 95 50 99 75 4 92 134 125
Y2015M05D08h06m00s16_5.jpeg 2 92 47 96 72 7 91 132 125
Y2015M05D08h06m00s16_6.jpeg 3 11 39 73 67 82 51 103 78 5 89 130 124
Y2015M05D08h06m00s16_7.jpeg 3 6 34 76 68 86 51 101 78 6 99 144 138
Y2015M05D08h06m00s16_8.jpeg 2 7 27 65 56 92 52 99 76
Y2015M05D08h06m00s16_9.jpeg 2 5 15 43 42 94 50 98 74
Y2015M05D11h04m24s03_1.jpeg 4 5 48 50 90 64 157 166 215 16 112 115 162 14 198 213 249
Y2015M05D11h04m24s03_10.jpeg 5 3 10 18 49 48 148 159 204 12 57 64 98 20 186 204 242 15 114 115 151
Y2015M05D11h04m24s03_2.jpeg 4 60 162 175 222 17 132 132 170 14 198 216 247 7 84 81 119
Y2015M05D11h04m24s03_3.jpeg 3 10 103 101 144 20 199 214 247 69 160 169 217
Y2015M05D11h04m24s03_4.jpeg 5 1 7 8 33 59 158 168 212 9 124 132 187 17 201 216 246 12 99 99 133
Y2015M05D11h04m24s03_5.jpeg 6 2 4 4 17 46 156 167 215 10 114 120 172 9 100 97 128 21 194 208 246 9 145 145 172
Y2015M05D11h04m24s03_6.jpeg 4 10 102 98 130 11 125 135 191 24 142 146 183 53 173 187 235
Y2015M05D11h04m24s03_7.jpeg 6 2 41 43 77 8 119 128 186 16 191 207 247 19 142 144 179 45 158 171 223 7 93 88 119
Y2015M05D11h04m24s03_8.jpeg 5 4 6 7 31 13 116 125 174 59 163 175 220 8 68 67 103 14 128 123 155
Y2015M05D11h04m24s03_9.jpeg 4 4 27 29 61 52 149 160 207 19 105 107 148 22 189 203 245
Y2015M05D11h04m51s39_1.jpeg 4 20 14 4 34 15 100 95 128 32 53 35 69 31 148 154 187
Y2015M05D11h04m51s39_2.jpeg 4 15 14 4 30 13 100 101 133 34 53 37 68 37 144 149 180
Y2015M05D11h04m51s39_3.jpeg 3 15 19 4 34 28 60 37 69 56 136 139 173
Y2015M05D11h04m51s39_4.jpeg 4 21 17 4 30 12 103 96 122 34 58 32 63 31 144 151 182
Y2015M05D11h04m51s39_5.jpeg 4 16 16 5 33 10 91 88 119 34 58 31 63 38 150 153 188
Y2015M05D11h04m51s39_6.jpeg 4 11 15 5 32 8 108 103 136 43 63 37 67 37 154 159 190
Y2015M05D11h04m51s39_7.jpeg 4 14 16 5 33 11 116 111 141 39 65 38 69 35 155 160 192
Y2015M05D11h04m51s39_8.jpeg 4 16 18 5 28 13 104 94 116 39 66 38 67 30 149 153 184
Y2015M05D11h05m59s49_1.jpeg 5 29 35 39 64 6 173 189 222 33 70 83 117 15 99 96 117 14 145 144 168
Y2015M05D11h05m59s49_10.jpeg 4 19 24 29 55 2 160 182 219 64 68 83 118 13 145 143 160
Y2015M05D11h05m59s49_2.jpeg 6 3 3 4 41 11 109 99 121 53 71 82 119 6 162 168 210 13 36 34 70 11 150 144 171
Y2015M05D11h05m59s49_3.jpeg 5 5 7 11 41 15 150 145 172 62 72 86 120 13 40 44 76 2 175 185 224
Y2015M05D11h05m59s49_4.jpeg 4 8 25 27 62 6 133 140 177 83 68 81 117 2 176 194 233
Y2015M05D11h05m59s49_5.jpeg 3 16 34 38 66 17 146 150 176 66 71 85 118
Y2015M05D11h05m59s49_6.jpeg 4 19 23 28 55 7 108 106 124 56 69 84 120 16 151 151 177
Y2015M05D11h05m59s49_7.jpeg 4 5 8 11 35 16 150 145 168 66 69 83 119 11 40 46 75
Y2015M05D11h05m59s49_8.jpeg 4 17 25 27 51 14 105 99 122 53 66 81 118 15 153 150 170
Y2015M05D11h05m59s49_9.jpeg 5 8 8 10 39 4 162 180 216 61 69 83 119 13 41 44 75 12 153 147 167
Y2015M05D11h12m15s40_1.jpeg 3 5 154 82 117 80 176 68 100 13 133 49 75
Y2015M05D11h12m15s40_10.jpeg 3 29 144 56 81 58 179 70 101 11 210 77 114
Y2015M05D11h12m15s40_2.jpeg 2 24 141 53 77 75 176 67 96
Y2015M05D11h12m15s40_3.jpeg 2 20 133 57 75 79 179 72 100
Y2015M05D11h12m15s40_4.jpeg 6 2 114 77 112 56 169 68 95 15 137 59 80 19 200 79 111 2 150 88 119 3 148 125 160
Y2015M05D11h12m15s40_5.jpeg 2 22 146 65 86 77 180 73 103
Y2015M05D11h12m15s40_6.jpeg 2 21 151 66 88 78 185 74 103
Y2015M05D11h12m15s40_7.jpeg 2 17 143 59 80 82 184 73 104
Y2015M05D11h12m15s40_8.jpeg 2 16 139 55 78 83 182 70 101
Y2015M05D11h12m15s40_9.jpeg 4 25 139 53 73 63 181 70 101 1 200 132 138 9 214 79 113
Y2015M05D11h12m21s33_1.jpeg 5 4 8 12 41 40 163 170 206 30 94 101 134 11 212 219 242 13 47 53 87
Y2015M05D11h12m21s33_10.jpeg 5 6 10 13 40 34 156 166 199 22 100 107 138 16 206 215 241 19 56 60 89
Y2015M05D11h12m21s33_2.jpeg 5 4 7 11 43 38 174 181 216 33 104 110 144 9 214 222 243 13 45 52 86
Y2015M05D11h12m21s33_3.jpeg 4 7 15 19 47 41 150 158 191 38 78 84 112 13 205 209 234
Y2015M05D11h12m21s33_4.jpeg 6 9 12 16 41 37 167 179 215 20 100 111 151 14 215 224 243 8 46 54 87 9 78 82 101
Y2015M05D11h12m21s33_5.jpeg 6 5 8 12 35 40 164 173 207 16 220 223 239 17 97 104 140 13 44 50 82 7 77 73 92
Y2015M05D11h12m21s33_6.jpeg 5 13 15 21 49 32 171 181 215 23 63 67 94 9 218 228 248 21 109 117 151
Y2015M05D11h12m21s33_7.jpeg 4 12 18 23 50 39 155 165 200 37 80 87 116 11 211 219 241
Y2015M05D11h12m21s33_8.jpeg 5 4 5 10 37 38 166 176 210 31 97 105 137 11 215 223 245 14 45 50 79
Y2015M05D11h12m21s33_9.jpeg 4 12 24 30 58 39 160 171 204 37 84 92 122 10 214 224 246
Y2015M05D12h05m50s23_1.jpeg 3 8 27 24 36 81 80 80 90 10 127 125 139
Y2015M05D12h05m50s23_10.jpeg 3 11 24 26 38 66 74 74 85 21 126 127 140
Y2015M05D12h05m50s23_2.jpeg 3 11 38 33 41 79 76 76 86 8 141 134 145
Y2015M05D12h05m50s23_3.jpeg 3 12 41 35 45 75 82 82 93 12 148 133 140
Y2015M05D12h05m50s23_4.jpeg 3 14 37 32 46 73 83 83 95 11 143 132 143
Y2015M05D12h05m50s23_5.jpeg 3 18 29 31 42 74 83 85 97 6 141 143 155
Y2015M05D12h05m50s23_6.jpeg 3 41 85 84 97 45 160 130 138 12 81 59 66
Y2015M05D12h05m50s23_7.jpeg 3 16 35 34 46 70 74 76 88 12 117 120 134
Y2015M05D12h05m50s23_8.jpeg 3 6 24 22 35 80 73 72 85 13 128 127 144
Y2015M05D12h05m50s23_9.jpeg 3 34 45 46 56 52 85 87 97 13 124 126 138
Y2015M05D12h09m27s05_1.jpeg 3 10 8 7 11 21 83 78 84 67 37 35 43
Y2015M05D12h09m27s05_10.jpeg 4 13 9 5 10 27 73 68 74 13 130 122 128 45 34 32 41
Y2015M05D12h09m27s05_2.jpeg 2 57 24 24 30 42 76 71 77
Y2015M05D12h09m27s05_3.jpeg 3 55 21 18 25 35 74 69 74 8 118 112 118
Y2015M05D12h09m27s05_4.jpeg 4 18 6 4 7 24 75 69 75 49 33 32 40 7 113 109 114
Y2015M05D12h09m27s05_5.jpeg 4 11 10 6 9 26 76 71 75 54 34 33 42 7 136 129 134
Y2015M05D12h09m27s05_6.jpeg 3 65 26 25 33 25 70 64 72 9 122 115 121
Y2015M05D12h09m27s05_7.jpeg 3 65 26 25 33 27 70 65 69 7 116 111 115
Y2015M05D12h09m27s05_8.jpeg 5 16 10 6 7 26 75 69 73 47 37 36 45 8 117 110 113 1 182 172 171
Y2015M05D12h09m27s05_9.jpeg 4 13 9 6 8 27 80 74 80 50 38 36 44 8 137 132 134
Y2015M05D13h03m55s12_1.jpeg 3 22 5 4 7 31 121 112 121 45 172 167 185
Y2015M05D13h04m11s09_1.jpeg 2 4 26 17 23 95 65 58 69
Y2015M05D13h04m11s09_10.jpeg 2 93 65 62 68 6 151 136 135
Y2015M05D13h04m11s09_2.jpeg 2 1 18 8 15 98 66 60 71
Y2015M05D13h04m11s09_3.jpeg 2 98 64 59 69 1 118 115 125
Y2015M05D13h04m11s09_4.jpeg 2 98 64 59 64 1 133 127 133
Y2015M05D13h04m11s09_5.jpeg 2 98 59 57 63 1 119 117 123
Y2015M05D13h04m11s09_6.jpeg 3 5 31 22 26 8 137 122 124 86 56 53 61
Y2015M05D13h04m11s09_7.jpeg 2 96 61 60 69 3 145 134 140
Y2015M05D13h04m11s09_8.jpeg 3 6 34 30 36 90 61 59 66 3 152 142 149
Y2015M05D13h04m11s09_9.jpeg 3 2 27 19 24 2 144 142 144 94 64 61 69
Y2015M05D13h05m01s20_1.jpeg 4 18 9 7 18 30 87 83 96 38 50 42 56 12 129 127 141
Y2015M05D13h05m01s20_2.jpeg 4 17 7 4 13 21 39 34 45 19 138 136 146 41 80 75 87
Y2015M05D13h05m01s20_3.jpeg 3 31 13 10 19 25 129 126 135 43 67 63 73
Y2015M05D13h05m01s20_4.jpeg 5 22 8 5 15 28 45 40 53 16 130 128 140 31 83 79 91 1 188 183 190
Y2015M05D13h05m01s20_5.jpeg 3 42 13 12 22 19 132 132 144 37 73 71 82
Y2015M05D13h05m01s20_6.jpeg 3 40 16 15 26 35 64 62 72 24 126 125 135
Y2015M05D13h05m01s20_7.jpeg 3 48 20 18 29 34 78 73 85 16 134 133 143
Y2015M05D13h05m22s23_1.jpeg 4 7 13 6 23 12 118 114 130 72 176 171 193 7 66 60 82
Y2015M05D13h05m22s23_10.jpeg 5 6 11 5 14 16 110 105 121 48 167 160 180 20 45 37 50 7 110 94 93
Y2015M05D13h05m22s23_2.jpeg 4 4 11 7 25 12 104 102 119 76 167 166 182 6 56 49 70
Y2015M05D13h05m22s23_3.jpeg 3 15 9 5 11 65 163 159 177 18 61 51 68
Y2015M05D13h05m22s23_4.jpeg 4 21 10 6 15 8 82 76 96 16 132 130 147 53 178 175 194
Y2015M05D13h05m22s23_5.jpeg 4 3 14 12 30 10 122 117 137 79 174 171 193 6 66 63 83
Y2015M05D13h05m22s23_6.jpeg 4 13 6 5 10 10 59 56 72 59 174 169 188 16 123 119 130
Y2015M05D13h05m22s23_7.jpeg 4 17 6 5 9 57 171 167 185 12 51 43 57 13 100 89 104
Y2015M05D13h05m22s23_8.jpeg 4 8 13 6 18 13 111 104 117 61 167 162 181 16 54 44 61
Y2015M05D13h05m22s23_9.jpeg 4 7 8 4 14 59 166 159 177 14 102 91 106 19 47 36 53
Y2015M05D13h06m36s48_1.jpeg 4 7 9 7 30 15 69 60 86 59 120 105 132 18 163 156 186
Y2015M05D13h06m36s48_2.jpeg 6 11 17 14 38 13 76 66 96 35 118 110 142 16 103 82 98 12 167 165 195 9 153 127 145
Y2015M05D13h06m36s48_3.jpeg 3 7 29 23 51 66 100 92 122 26 156 149 179
Y2015M05D14h10m22s25_1.jpeg 4 1 10 13 29 52 105 113 143 22 145 156 185 23 51 60 87
Y2015M05D14h10m22s25_2.jpeg 4 5 8 13 34 28 119 132 160 43 178 191 221 23 63 73 102
Y2015M05D14h10m22s25_3.jpeg 3 10 3 5 14 65 67 71 93 24 31 36 52
Y2015M05D14h10m22s25_4.jpeg 3 15 36 40 64 74 80 84 110 9 125 130 160
Y2015M05D14h10m22s25_5.jpeg 4 2 7 9 25 62 94 97 122 1 189 197 219 33 53 56 76
Y2015M05D14h10m22s25_6.jpeg 3 3 4 4 13 84 91 88 110 11 45 44 60
Y2015M05D14h10m22s25_7.jpeg 3 52 137 143 176 29 243 247 251 18 193 201 223
Y2015M05D14h10m22s25_8.jpeg 2 88 155 160 197 11 219 229 245
Y2015M05D14h10m22s25_9.jpeg 3 15 186 195 212 74 245 250 250 9 78 81 89
Y2015M05D14h12m39s01_1.jpeg 5 3 34 25 34 28 197 188 202 20 148 132 145 26 244 240 247 21 92 77 91
Y2015M05D14h12m39s01_10.jpeg 4 4 42 28 38 63 238 229 236 9 98 80 93 23 160 144 158
Y2015M05D14h12m39s01_2.jpeg 6 10 46 27 32 23 244 240 246 11 98 87 105 21 156 141 155 9 114 88 85 24 201 191 207
Y2015M05D14h12m39s01_3.jpeg 5 11 58 40 54 17 164 152 167 28 248 244 248 13 115 98 115 28 212 199 214
Y2015M05D14h12m39s01_4.jpeg 6 6 64 45 62 31 200 181 198 13 129 112 131 30 248 242 248 14 155 110 115 3 89 49 48
Y2015M05D14h12m39s01_5.jpeg 5 9 44 28 43 29 209 196 211 19 149 135 149 25 249 245 250 15 91 71 86
Y2015M05D14h12m39s01_6.jpeg 5 4 45 25 33 28 211 197 212 22 148 134 151 31 250 246 249 13 95 76 85
Y2015M05D14h12m39s01_7.jpeg 4 13 71 62 75 52 239 233 241 10 126 113 128 23 178 166 179
Y2015M05D14h12m39s01_8.jpeg 4 6 63 44 68 46 235 229 238 16 112 96 113 29 172 157 173
Y2015M05D14h12m39s01_9.jpeg 4 13 80 64 79 27 205 192 205 27 136 120 134 31 250 246 251
Y2015M05D14h14m55s10_1.jpeg 3 2 13 4 6 7 65 57 66 90 111 99 100
Y2015M05D14h14m55s10_2.jpeg 3 3 12 2 5 3 50 42 55 93 109 95 99
Y2015M05D14h15m51s53_1.jpeg 5 7 12 13 26 29 174 179 201 26 60 65 78 28 118 122 138 7 116 90 99
Y2015M05D14h15m51s53_10.jpeg 6 8 10 13 24 23 98 102 116 25 146 152 172 8 147 125 128 11 193 199 213 22 47 52 65
Y2015M05D14h15m51s53_2.jpeg 3 15 57 61 74 39 176 179 200 45 121 122 141
Y2015M05D14h15m51s53_3.jpeg 4 6 10 10 21 38 123 124 139 29 181 184 202 25 59 61 75
Y2015M05D14h15m51s53_4.jpeg 4 7 13 15 26 26 90 92 106 45 147 147 163 20 195 196 215
Y2015M05D14h15m51s53_5.jpeg 5 6 8 10 21 19 89 94 109 25 181 187 205 19 48 51 65 28 136 135 148
Y2015M05D14h15m51s53_6.jpeg 4 8 11 12 21 32 66 70 82 26 180 188 206 32 131 130 144
Y2015M05D14h15m51s53_7.jpeg 4 6 11 12 22 40 120 121 134 28 173 181 198 23 60 65 78
Y2015M05D14h15m51s53_8.jpeg 4 9 14 14 27 18 73 76 92 34 168 172 191 37 130 122 134
Y2015M05D14h15m51s53_9.jpeg 5 7 13 16 29 31 126 135 152 29 178 184 204 18 74 77 91 12 145 125 131
Y2015M05D14h16m55s39_1.jpeg 5 4 17 13 31 27 148 150 178 13 102 56 83 43 198 198 226 11 74 73 94
Y2015M05D14h16m55s39_10.jpeg 5 8 13 9 33 37 149 148 180 12 113 71 93 32 194 196 226 8 64 67 96
Y2015M05D14h16m55s39_2.jpeg 4 5 30 19 39 54 181 179 208 30 106 66 88 9 86 84 108
Y2015M05D14h16m55s39_3.jpeg 5 6 30 19 44 22 142 141 173 16 108 61 85 45 191 192 222 9 78 71 99
Y2015M05D14h16m55s39_4.jpeg 5 8 16 13 33 49 175 175 205 22 106 60 79 12 85 82 105 6 154 127 143
Y2015M05D14h16m55s39_5.jpeg 5 3 11 9 32 38 157 154 185 14 104 61 84 34 199 200 229 8 70 72 98
Y2015M05D14h16m55s39_6.jpeg 5 7 10 9 29 58 175 177 206 6 74 77 99 16 104 67 82 10 163 143 162
Y2015M05D14h16m55s39_7.jpeg 5 7 20 14 41 59 175 177 209 14 106 61 80 8 66 67 93 11 155 139 166
Y2015M05D14h16m55s39_8.jpeg 4 8 9 9 33 67 175 176 205 13 104 63 84 10 77 81 106
Y2015M05D14h16m55s39_9.jpeg 5 6 17 12 36 71 173 176 206 6 103 73 96 7 60 66 93 7 164 142 166
Y2015M05D15h12m02s15_1.jpeg 5 6 42 36 48 50 178 177 193 30 229 222 235 5 87 94 113 6 132 117 132
Y2015M05D15h12m02s15_2.jpeg 4 4 29 27 39 44 174 178 193 33 223 226 237 17 91 82 95
Y2015M05D15h12m02s15_3.jpeg 4 2 78 65 76 33 229 225 239 51 180 180 199 12 138 126 143
Y2015M05D15h12m02s15_4.jpeg 4 15 10 6 11 7 147 137 147 69 207 207 222 7 67 62 70
Y2015M05D15h12m02s15_5.jpeg 6 8 8 5 9 35 149 150 170 7 46 47 68 21 208 207 224 21 99 95 108 5 191 158 174
Y2015M05D15h12m02s15_6.jpeg 6 16 6 5 8 4 69 62 68 34 162 164 182 28 211 209 223 4 201 167 183 11 124 114 124
Y2015M05D15h12m02s15_7.jpeg 6 18 8 5 8 12 157 155 168 8 75 67 81 9 245 239 236 45 211 210 225 5 99 82 79
Y2015M05D15h12m02s15_8.jpeg 5 22 4 3 5 9 129 128 141 57 191 195 212 4 201 164 186 6 48 45 48
Y2015M05D15h17m26s23_1.jpeg 4 48 5 6 12 5 70 101 144 10 163 182 205 36 138 161 202
Y2015M05D15h17m26s23_2.jpeg 3 44 4 5 14 4 63 83 124 51 147 166 203
Y2015M05D15h17m26s23_3.jpeg 4 48 4 5 10 11 111 123 158 12 41 45 75 26 158 172 207
Y2015M05D15h17m26s23_4.jpeg 5 10 4 6 16 27 175 196 228 17 98 93 111 29 44 43 59 15 145 147 163
Y2015M05D15h17m26s23_5.jpeg 4 47 4 4 8 16 128 141 165 18 52 55 79 18 176 195 223
Y2015M05D15h18m13s54_1.jpeg 3 11 23 30 66 60 61 74 114 28 100 114 157
Y2015M05D15h18m13s54_10.jpeg 3 7 10 22 59 47 96 115 156 44 52 68 108
Y2015M05D15h18m13s54_2.jpeg 3 36 36 50 87 60 85 100 140 3 141 162 194
Y2015M05D15h18m13s54_3.jpeg 2 10 21 37 75 89 74 92 131
Y2015M05D15h18m13s54_4.jpeg 2 31 40 55 94 68 91 107 148
Y2015M05D15h18m13s54_5.jpeg 2 31 35 49 87 68 86 103 144
Y2015M05D15h18m13s54_6.jpeg 2 30 33 47 84 69 86 101 142
Y2015M05D15h18m13s54_7.jpeg 3 23 32 48 89 54 76 95 137 22 116 135 179
Y2015M05D15h18m13s54_8.jpeg 3 12 17 34 74 51 60 79 121 35 104 124 169
Y2015M05D15h18m13s54_9.jpeg 3 12 16 30 68 41 56 71 112 45 99 117 159
Y2015M05D18h12m49s45_1.jpeg 5 2 15 6 3 13 197 176 171 15 148 118 112 34 242 233 230 34 93 67 65
Y2015M05D18h12m49s45_2.jpeg 5 7 12 4 4 14 179 159 157 25 71 53 50 40 243 236 234 11 117 94 93
Y2015M05D18h13m35s33_1.jpeg 5 15 7 6 8 17 145 118 122 23 241 239 242 35 183 171 184 8 215 189 183
Y2015M05D18h13m35s33_10.jpeg 3 86 177 178 206 3 110 110 139 9 137 124 139
Y2015M05D18h13m35s33_2.jpeg 4 3 57 49 62 34 141 136 153 16 124 103 104 45 192 192 210
Y2015M05D18h13m35s33_3.jpeg 4 2 49 50 69 37 143 139 155 19 134 107 110 40 189 191 207
Y2015M05D18h13m35s33_4.jpeg 4 6 6 6 13 3 59 59 79 73 172 173 194 15 124 125 143
Y2015M05D18h13m35s33_5.jpeg 3 3 11 11 22 7 100 101 119 89 165 167 189
Y2015M05D18h13m35s33_6.jpeg 4 3 8 8 26 12 116 117 138 78 164 166 186 5 50 47 63
Y2015M05D18h13m35s33_7.jpeg 3 3 6 6 15 7 79 80 98 88 155 156 176
Y2015M05D18h13m35s33_8.jpeg 4 11 4 4 9 18 96 97 115 64 153 152 174 6 35 32 43
Y2015M05D18h13m35s33_9.jpeg 4 12 4 3 8 18 95 94 111 61 147 145 165 7 38 36 45
Y2015M05D18h17m03s42_1.jpeg 4 21 6 4 9 49 158 149 166 18 52 41 57 10 98 87 106
Y2015M05D18h17m03s42_2.jpeg 4 56 4 3 5 8 103 94 109 21 49 41 55 13 156 148 161
Y2015M05D18h17m03s42_3.jpeg 4 23 4 2 5 23 100 86 92 39 42 32 43 12 148 138 154
Y2015M05D18h18m07s12_1.jpeg 4 7 8 15 39 4 108 121 148 69 53 59 85 19 159 173 201
Y2015M05D18h18m07s12_10.jpeg 4 10 8 14 35 17 145 163 189 65 50 54 79 6 89 98 118
Y2015M05D18h18m07s12_2.jpeg 4 8 10 15 38 21 152 172 201 63 54 58 82 6 96 105 127
Y2015M05D18h18m07s12_3.jpeg 4 7 9 15 37 10 104 116 138 62 54 58 83 20 159 179 209
Y2015M05D18h18m07s12_4.jpeg 4 7 10 15 38 14 156 172 201 69 56 59 82 7 98 107 127
Y2015M05D18h18m07s12_5.jpeg 4 6 9 13 34 18 155 173 203 69 52 58 81 6 99 105 117
Y2015M05D18h18m07s12_6.jpeg 4 4 8 13 36 13 155 179 206 76 55 58 83 4 106 117 142
Y2015M05D18h18m07s12_7.jpeg 4 9 17 25 48 9 103 114 133 68 56 60 83 13 153 172 197
Y2015M05D18h18m07s12_8.jpeg 4 9 8 14 33 6 109 122 143 72 50 56 77 11 153 170 197
Y2015M05D18h18m07s12_9.jpeg 3 8 7 11 34 22 144 161 191 69 50 55 79
Y2015M05D18h18m08s08_1.jpeg 2 40 98 109 152 59 159 171 214
Y2015M05D18h18m08s08_10.jpeg 4 9 31 37 70 40 148 157 197 43 83 90 128 5 193 201 230
Y2015M05D18h18m08s08_2.jpeg 3 14 67 78 113 55 120 131 168 30 170 182 222
Y2015M05D18h18m08s08_3.jpeg 4 2 5 14 44 31 170 183 221 22 74 85 121 44 122 134 171
Y2015M05D18h18m08s08_4.jpeg 4 3 15 22 50 43 161 172 211 37 110 120 158 15 65 75 112
Y2015M05D18h18m08s08_5.jpeg 4 3 4 16 39 41 162 176 216 36 107 119 158 18 58 71 106
Y2015M05D18h18m08s08_6.jpeg 3 18 60 71 108 47 116 127 166 33 169 182 221
Y2015M05D18h18m08s08_7.jpeg 4 3 20 30 58 42 121 133 171 27 169 183 221 26 76 87 123
Y2015M05D18h18m08s08_8.jpeg 4 7 25 32 65 38 116 124 165 27 171 181 221 26 68 75 113
Y2015M05D18h18m08s08_9.jpeg 4 6 22 29 65 36 133 143 183 38 77 85 124 17 182 193 233
Y2015M05D18h19m32s06_1.jpeg 3 14 39 41 70 28 144 145 175 56 75 84 118
Y2015M05D18h19m32s06_10.jpeg 3 17 41 50 76 13 141 146 169 68 69 84 117
Y2015M05D18h19m32s06_2.jpeg 3 8 27 29 56 34 140 143 169 56 70 80 114
Y2015M05D18h19m32s06_3.jpeg 3 13 32 35 57 34 141 142 168 52 73 81 115
Y2015M05D18h19m32s06_4.jpeg 3 28 39 42 74 24 148 153 178 46 75 88 121
Y2015M05D18h19m32s06_5.jpeg 3 15 33 38 67 15 140 141 169 69 70 85 120
Y2015M05D18h19m32s06_6.jpeg 3 18 39 43 69 69 72 89 123 11 150 149 177
Y2015M05D18h19m32s06_7.jpeg 4 12 43 47 77 14 144 146 172 70 73 88 123 2 112 140 189
Y2015M05D18h19m32s06_8.jpeg 2 83 63 76 110 16 136 140 166
Y2015M05D18h19m32s06_9.jpeg 3 16 46 52 77 15 132 139 162 68 70 88 123
Y2015M05D19h11m49s02_1.jpeg 3 1 6 4 4 12 177 172 175 86 241 241 242
Y2015M05D19h11m49s02_2.jpeg 2 10 180 173 174 89 239 238 240
Y2015M05D19h11m49s02_3.jpeg 3 3 170 176 188 85 236 234 235 11 187 172 173
Y2015M05D19h11m49s02_4.jpeg 2 5 173 166 168 94 232 230 230
Y2015M05D19h11m49s02_5.jpeg 2 9 161 148 147 90 238 235 236
Y2015M05D19h11m49s02_6.jpeg 2 10 177 167 167 89 228 227 230
Y2015M05D19h11m49s02_7.jpeg 2 19 183 179 180 80 240 240 241
Y2015M05D19h12m37s21_1.jpeg 4 2 67 62 64 70 243 244 246 16 192 182 188 10 134 123 134
Y2015M05D19h12m37s21_10.jpeg 5 1 32 30 25 64 243 246 247 17 183 188 198 13 116 122 135 3 142 138 135
Y2015M05D19h12m37s21_2.jpeg 5 4 43 34 48 16 191 187 198 7 130 129 136 66 243 245 248 5 85 78 90
Y2015M05D19h12m37s21_3.jpeg 6 6 35 31 42 49 244 245 249 9 82 77 90 11 170 175 188 13 215 198 205 10 134 117 126
Y2015M05D19h12m37s21_4.jpeg 5 5 119 131 150 9 192 195 208 69 245 246 248 6 123 103 109 8 202 180 185
Y2015M05D19h12m37s21_5.jpeg 4 3 57 54 57 62 241 240 243 24 152 150 166 9 119 104 114
Y2015M05D19h12m37s21_6.jpeg 6 2 81 66 72 61 244 244 248 4 129 129 140 9 222 201 204 13 188 179 194 8 134 108 118
Y2015M05D19h12m37s21_7.jpeg 4 5 98 116 126 64 239 244 247 21 180 175 188 8 115 100 114
Y2015M05D19h12m37s21_8.jpeg 4 7 60 51 62 18 176 171 182 21 109 103 118 51 240 242 246
Y2015M05D19h12m37s21_9.jpeg 4 3 83 61 69 21 197 186 196 55 245 245 247 18 126 109 121
Y2015M05D20h05m52s42_1.jpeg 3 12 52 65 93 53 162 175 204 33 97 111 138
Y2015M05D20h05m52s42_2.jpeg 3 13 50 62 87 53 154 167 193 32 91 103 128
Y2015M05D20h05m52s42_3.jpeg 4 6 5 7 17 42 159 173 197 22 60 71 95 28 106 117 140
Y2015M05D21h17m20s06_1.jpeg 3 5 5 9 23 9 146 153 170 84 70 80 97
Y2015M05D21h17m20s06_10.jpeg 3 11 4 6 12 82 71 81 99 6 144 146 162
Y2015M05D21h17m20s06_2.jpeg 4 8 3 8 21 84 70 81 99 2 105 127 151 5 151 159 174
Y2015M05D21h17m20s06_3.jpeg 4 7 8 11 30 79 67 75 95 7 122 132 154 5 184 190 214
Y2015M05D21h17m20s06_4.jpeg 3 17 2 6 12 79 67 77 96 3 150 157 167
Y2015M05D21h17m20s06_5.jpeg 3 5 4 8 18 13 150 153 173 81 67 78 98
Y2015M05D21h17m20s06_6.jpeg 3 7 4 12 24 9 141 148 165 83 64 78 96
Y2015M05D21h17m20s06_7.jpeg 3 1 1 7 18 13 144 149 171 85 68 80 97
Y2015M05D21h17m20s06_8.jpeg 3 1 1 8 22 15 146 152 173 82 70 82 101
Y2015M05D21h17m20s06_9.jpeg 2 16 145 149 169 82 72 83 100
Y2015M05D21h17m21s26_1.jpeg 4 3 3 6 26 66 73 80 109 7 155 158 198 21 45 43 79
Y2015M05D21h17m21s26_10.jpeg 3 12 4 5 13 81 71 80 106 5 144 147 165
Y2015M05D21h17m21s26_2.jpeg 3 10 3 6 21 18 143 138 172 70 71 81 108
Y2015M05D21h17m21s26_3.jpeg 3 5 3 6 17 91 64 74 104 3 144 151 174
Y2015M05D21h17m21s26_4.jpeg 4 5 3 5 14 10 144 149 177 7 38 47 72 75 67 79 106
Y2015M05D21h17m21s26_5.jpeg 3 8 3 6 22 11 146 149 172 80 67 76 103
Y2015M05D21h17m21s26_6.jpeg 3 6 4 7 24 13 149 150 183 80 67 78 104
Y2015M05D21h17m21s26_7.jpeg 3 2 4 7 24 14 146 148 179 83 71 78 108
Y2015M05D21h17m21s26_8.jpeg 3 7 3 6 15 81 72 80 108 10 137 136 162
Y2015M05D21h17m21s26_9.jpeg 3 7 4 4 16 86 71 80 107 6 147 146 168
Y2015M05D21h17m52s59_1.jpeg 7 7 32 23 57 13 152 176 234 22 115 129 147 10 179 213 238 11 84 83 128 19 160 164 206 14 79 65 95
Y2015M05D21h17m52s59_2.jpeg 6 3 19 11 48 40 158 172 218 20 189 214 245 12 93 102 143 14 107 123 142 8 67 58 102
Y2015M05D21h17m52s59_3.jpeg 5 9 78 65 107 46 158 173 221 14 183 211 242 17 107 129 139 11 110 121 159
Y2015M05D21h17m52s59_4.jpeg 6 20 65 56 93 13 153 176 232 15 102 110 148 28 156 164 201 9 91 114 123 13 185 209 243
Y2015M05D21h17m52s59_5.jpeg 7 8 72 52 93 27 155 181 236 22 150 161 195 8 96 115 140 17 184 208 240 7 91 91 135 6 85 117 119
Y2015M05D21h17m52s59_6.jpeg 6 10 84 98 135 28 148 180 236 24 154 163 200 13 91 116 124 14 181 211 241 8 79 56 96
Y2015M05D21h17m52s59_7.jpeg 7 5 39 32 67 22 151 180 234 26 151 158 192 10 89 103 135 15 184 208 244 7 89 67 108 10 80 101 108
Y2015M05D22h11m53s45_1.jpeg 5 3 107 58 46 58 247 161 116 23 236 172 141 7 153 96 65 6 188 104 69
Y2015M05D22h11m53s45_10.jpeg 5 3 110 98 128 10 185 95 55 78 247 158 109 3 211 143 125 4 110 61 61
Y2015M05D22h11m53s45_2.jpeg 7 9 83 70 71 6 161 89 66 57 249 165 118 7 111 64 53 4 193 143 134 7 126 110 107 7 192 98 61
Y2015M05D22h11m53s45_3.jpeg 6 4 94 62 54 6 219 150 121 4 175 86 53 67 250 168 118 4 132 77 54 12 229 134 91
Y2015M05D22h11m53s45_4.jpeg 6 4 62 33 27 9 222 160 128 10 194 102 63 67 249 164 113 4 115 65 51 3 132 102 118
Y2015M05D22h11m53s45_5.jpeg 5 1 108 65 87 85 248 159 108 9 192 94 50 1 89 27 23 2 197 126 109
Y2015M05D22h11m53s45_6.jpeg 3 3 144 56 22 82 248 160 111 13 199 106 65
Y2015M05D22h11m53s45_7.jpeg 5 2 125 112 138 11 197 104 64 78 246 158 111 4 171 110 97 3 115 77 86
Y2015M05D22h11m53s45_8.jpeg 5 1 122 86 103 9 225 152 124 73 245 156 107 10 181 91 56 3 141 76 70
Y2015M05D22h11m53s45_9.jpeg 5 3 125 92 114 13 188 96 57 77 246 158 108 2 120 61 50 2 196 132 116
Y2015M05D22h17m07s17_1.jpeg 3 8 5 13 41 64 87 99 133 26 37 48 79
Y2015M05D22h17m07s17_10.jpeg 4 11 3 8 23 40 74 88 112 28 34 45 67 19 117 133 156
Y2015M05D22h17m07s17_2.jpeg 3 8 4 11 38 63 88 100 131 28 36 48 75
Y2015M05D22h17m07s17_3.jpeg 3 19 24 32 62 62 77 89 121 18 123 131 168
Y2015M05D22h17m07s17_4.jpeg 2 36 26 37 61 63 89 100 132
Y2015M05D22h17m07s17_5.jpeg 4 9 4 10 36 54 81 92 125 28 31 42 71 7 132 143 175
Y2015M05D22h17m07s17_6.jpeg 3 31 18 28 51 48 72 81 109 19 118 121 159
Y2015M05D22h17m07s17_7.jpeg 3 13 19 31 55 52 61 71 98 33 105 111 144
Y2015M05D22h17m07s17_8.jpeg 3 7 13 20 49 53 103 106 140 38 53 59 88
Y2015M05D22h17m07s17_9.jpeg 3 9 6 15 35 56 80 95 123 33 42 49 70
Y2015M05D22h20m06s52_10.jpeg 4 75 33 51 78 14 118 155 221 5 51 82 139 4 99 119 161
Y2015M05D22h20m06s52_4.jpeg 4 70 32 48 81 5 57 83 140 16 128 166 227 7 100 120 164
Y2015M05D22h20m06s52_5.jpeg 3 73 32 50 82 11 81 104 153 15 129 163 225
Y2015M05D22h20m06s52_6.jpeg 4 59 30 49 79 22 123 158 227 11 63 85 140 6 114 134 177
Y2015M05D22h20m06s52_7.jpeg 4 70 31 48 77 13 120 157 222 5 132 158 204 9 45 65 115
Y2015M05D22h20m06s52_8.jpeg 6 64 32 49 79 3 80 111 173 5 98 119 159 12 30 50 100 5 139 167 217 8 124 166 235
Y2015M05D22h20m06s52_9.jpeg 4 73 33 50 80 15 118 156 223 5 65 96 155 5 101 120 164
Y2015M05D22h20m46s49_1.jpeg 3 4 18 14 37 93 47 43 64 2 103 98 119
Y2015M05D22h20m46s49_10.jpeg 2 83 40 35 52 16 121 105 121
Y2015M05D22h20m46s49_2.jpeg 2 96 43 42 63 3 146 134 158
Y2015M05D22h20m46s49_3.jpeg 4 4 9 11 33 6 139 141 167 83 40 40 61 6 77 79 105
Y2015M05D22h20m46s49_4.jpeg 2 96 44 41 61 3 126 116 139
Y2015M05D22h20m46s49_5.jpeg 2 2 116 112 133 96 44 41 61
Y2015M05D22h20m46s49_6.jpeg 3 5 9 8 26 3 129 125 145 91 41 40 60
Y2015M05D22h20m46s49_7.jpeg 3 93 43 40 60 3 151 138 159 3 92 81 102
Y2015M05D22h20m46s49_8.jpeg 2 92 43 40 60 7 143 130 151
Y2015M05D22h20m46s49_9.jpeg 4 78 39 36 54 6 141 124 144 11 77 70 82 4 120 120 115
Y2015M05D26h16m31s03_1.jpeg 3 7 1 7 16 7 45 55 71 85 75 87 97
Y2015M05D26h16m31s03_2.jpeg 3 3 5 12 24 85 72 82 96 10 110 119 134
Y2015M05D26h16m31s03_3.jpeg 4 3 6 16 30 87 73 84 97 7 111 122 137 1 173 187 211
Y2015M05D26h16m31s03_4.jpeg 3 4 12 24 36 88 68 80 91 6 110 121 132
Y2015M05D26h16m31s03_5.jpeg 3 15 3 6 10 79 67 76 86 5 125 134 148
Y2015M05D26h16m31s03_6.jpeg 3 8 3 7 13 84 69 78 90 6 137 154 180
Y2015M05D27h17m18s01_1.jpeg 4 1 5 28 79 21 182 213 250 72 149 184 241 4 80 109 158
Y2015M05D27h17m18s01_2.jpeg 4 3 8 18 80 18 176 210 250 74 144 176 244 3 52 69 128
Y2015M05D27h17m18s01_3.jpeg 7 5 7 13 57 47 151 183 245 19 175 205 249 7 97 115 167 7 39 47 70 7 38 47 94 5 96 104 138
Y2015M05D27h17m18s01_4.jpeg 5 15 21 27 66 54 151 180 245 19 176 202 248 3 57 75 126 6 94 108 146
Y2015M05D27h18m25s23_1.jpeg 4 5 36 9 38 15 149 137 162 65 82 40 73 13 57 47 76
Y2015M05D27h18m25s23_10.jpeg 5 4 41 11 41 2 121 101 130 67 85 38 71 7 58 46 81 18 159 156 182
Y2015M05D27h18m25s23_2.jpeg 2 76 72 38 69 23 121 111 134
Y2015M05D27h18m25s23_3.jpeg 4 8 35 12 37 13 91 78 100 62 79 38 69 14 142 133 154
Y2015M05D27h18m25s23_4.jpeg 5 6 28 7 30 52 86 39 72 11 106 96 119 19 61 45 68 10 154 145 167
Y2015M05D27h18m25s23_5.jpeg 4 6 33 10 35 17 147 139 162 57 84 39 72 18 71 56 81
Y2015M05D27h18m25s23_6.jpeg 4 4 36 6 33 27 154 147 170 63 85 32 68 5 58 46 77
Y2015M05D27h18m25s23_7.jpeg 4 8 34 12 40 5 114 98 121 62 83 36 69 23 154 152 173
Y2015M05D27h18m25s23_8.jpeg 3 7 36 15 43 21 155 148 174 71 84 41 73
Y2015M05D27h18m25s23_9.jpeg 4 7 11 5 16 65 82 40 72 15 148 143 164 11 56 47 73
Y2015M05D28h12m09s31_1.jpeg 4 23 35 27 34 20 148 142 152 39 75 70 77 16 202 200 209
Y2015M05D28h12m09s31_10.jpeg 5 33 5 4 5 12 207 203 211 35 45 41 46 7 132 130 138 11 79 76 81
Y2015M05D28h12m09s31_2.jpeg 5 9 17 11 14 19 125 117 129 38 66 59 69 25 182 176 189 6 229 228 237
Y2015M05D28h12m09s31_3.jpeg 4 7 22 14 21 17 120 113 123 45 61 55 60 29 187 181 194
Y2015M05D28h12m09s31_4.jpeg 4 11 18 12 17 18 124 121 127 47 60 55 63 22 195 190 197
Y2015M05D28h12m09s31_5.jpeg 4 16 8 6 7 18 124 116 124 50 64 57 64 14 192 186 195
Y2015M05D28h12m09s31_6.jpeg 4 6 16 12 17 28 197 194 204 22 124 121 130 42 56 51 57
Y2015M05D28h12m09s31_7.jpeg 4 2 13 12 14 31 192 187 198 28 103 100 108 37 58 54 59
Y2015M05D28h12m09s31_8.jpeg 4 22 4 3 5 16 130 128 137 52 61 56 64 8 198 197 207
Y2015M05D28h12m09s31_9.jpeg 5 8 8 8 12 14 90 88 95 40 50 47 54 24 203 201 210 11 142 141 150
Y2015M05D28h12m32s56_1.jpeg 5 26 72 64 89 7 203 177 183 48 109 108 144 4 59 33 34 12 114 92 105
Y2015M05D28h12m32s56_2.jpeg 5 33 74 71 99 4 61 30 28 10 201 171 172 34 114 113 150 16 110 88 97
Y2015M05D28h12m32s56_3.jpeg 6 31 74 68 96 7 181 154 159 33 116 111 150 13 118 98 111 7 231 203 201 6 81 57 61
Y2015M05D28h12m32s56_4.jpeg 3 80 97 95 130 9 176 148 147 9 95 80 96
Y2015M05D28h12m32s56_5.jpeg 5 18 77 70 88 5 179 145 148 56 111 110 143 11 135 112 131 6 222 192 201
Y2015M05D28h12m32s56_6.jpeg 7 34 85 83 113 13 88 71 84 6 180 150 151 17 117 117 160 10 116 81 79 9 135 121 146 7 234 205 207
Y2015M05D28h13m14s01_1.jpeg 6 7 40 20 36 19 188 172 190 11 129 106 125 34 241 231 243 18 90 62 72 7 151 115 116
Y2015M05D28h13m14s01_10.jpeg 4 3 20 6 17 27 175 160 173 57 236 228 237 11 87 69 84
Y2015M05D28h13m14s01_3.jpeg 5 4 42 25 41 21 201 188 205 55 247 243 249 10 145 127 144 8 89 69 83
Y2015M05D28h13m14s01_4.jpeg 6 10 41 18 33 46 243 234 245 9 140 116 141 21 188 171 188 3 195 145 149 8 91 61 70
Y2015M05D28h13m14s01_5.jpeg 6 8 43 15 34 23 170 153 169 49 240 229 240 8 94 72 93 3 230 197 185 5 99 67 67
Y2015M05D28h13m14s01_6.jpeg 5 8 47 22 37 9 146 125 143 48 244 238 247 23 201 185 202 9 89 63 76
Y2015M05D28h13m14s01_7.jpeg 5 8 48 27 38 10 147 127 149 47 244 236 246 26 191 178 196 7 94 70 83
Y2015M05D28h13m14s01_8.jpeg 6 5 35 15 30 19 198 182 201 9 146 123 147 41 243 236 246 18 82 58 70 5 132 108 107
Y2015M05D28h13m14s01_9.jpeg 4 4 42 17 35 30 179 161 176 47 242 232 241 17 93 68 82
Y2015M05D28h15m50s25_1.jpeg 5 19 5 5 11 6 36 37 61 46 183 190 217 19 143 143 169 8 92 89 112
Y2015M05D28h15m50s25_10.jpeg 6 15 7 5 11 7 53 46 71 35 196 204 236 9 154 130 135 20 152 155 180 11 111 105 125
Y2015M05D28h15m50s25_2.jpeg 4 19 5 4 9 5 90 84 105 45 187 194 225 29 148 143 164
Y2015M05D28h15m50s25_3.jpeg 4 21 6 6 13 7 71 69 92 46 189 199 229 23 145 142 163
Y2015M05D28h15m50s25_4.jpeg 5 18 6 6 11 6 43 42 68 45 184 194 226 22 144 142 159 7 88 86 107
Y2015M05D28h15m50s25_5.jpeg 5 17 7 5 10 4 44 45 80 45 190 198 229 28 141 138 155 4 69 62 78
Y2015M05D28h15m50s25_6.jpeg 6 12 10 6 18 13 113 111 130 32 196 205 238 24 159 162 183 9 54 48 71 7 160 136 147
Y2015M05D28h15m50s25_7.jpeg 5 17 6 4 10 6 54 49 76 48 190 198 228 10 154 131 138 17 127 128 148
Y2015M05D28h15m50s25_8.jpeg 5 15 7 4 11 18 137 136 158 49 191 200 231 10 146 123 130 5 51 46 77
Y2015M05D28h15m50s25_9.jpeg 6 14 6 4 13 5 47 39 62 22 147 149 173 37 192 202 235 9 152 131 138 10 94 88 107
Y2015M05D28h16m42s39_1.jpeg 2 93 24 26 35 6 96 90 101
Y2015M05D28h16m42s39_2.jpeg 3 90 23 25 35 7 62 57 65 2 116 112 120
Y2015M05D28h16m42s39_3.jpeg 3 91 26 26 36 4 116 108 115 3 69 64 74
Y2015M05D28h16m42s39_4.jpeg 2 90 27 26 36 9 83 78 90
Y2015M05D28h16m42s39_5.jpeg 3 91 26 25 37 1 55 62 88 6 95 90 94
Y2015M05D28h16m42s39_6.jpeg 2 92 26 26 36 7 94 87 95
Y2015M05D28h16m42s39_7.jpeg 3 86 27 28 38 10 85 73 83 2 135 118 129
Y2015M05D28h19m46s20_1.jpeg 6 40 78 142 206 20 24 44 79 11 121 142 183 13 48 92 145 9 83 88 118 4 158 185 213
Y2015M05D28h19m46s20_10.jpeg 4 10 17 36 81 11 148 172 218 55 79 152 220 22 60 115 173
Y2015M05D28h19m46s20_2.jpeg 6 7 9 38 86 59 69 142 208 15 106 151 204 1 3 6 11 4 87 96 126 11 56 99 153
Y2015M05D28h19m46s20_3.jpeg 6 64 64 141 210 3 15 47 94 8 155 166 198 15 113 161 217 3 66 50 80 4 96 95 117
Y2015M05D28h19m46s20_4.jpeg 3 11 12 42 87 76 71 144 211 12 132 165 216
Y2015M05D28h19m46s20_5.jpeg 5 18 20 41 83 52 69 145 219 6 156 175 219 9 58 118 177 12 110 168 231
Y2015M05D28h19m46s20_6.jpeg 3 10 12 39 86 13 154 178 229 75 69 145 211
Y2015M05D28h19m46s20_7.jpeg 5 12 15 42 80 7 132 166 227 54 75 150 220 18 47 117 170 7 162 170 210
Y2015M05D28h19m46s20_8.jpeg 6 17 58 111 172 2 51 53 87 11 138 166 221 16 160 159 193 41 80 152 222 11 113 108 133
Y2015M05D28h19m46s20_9.jpeg 4 62 68 139 208 7 159 172 213 14 21 42 81 15 121 161 221
Y2015M05D28h20m23s19_1.jpeg 2 79 76 77 100 20 135 132 154
Y2015M05D28h20m23s19_10.jpeg 2 86 62 64 90 13 125 134 160
Y2015M05D28h20m23s19_2.jpeg 4 21 30 33 58 5 172 182 209 55 73 76 102 16 107 119 148
Y2015M05D28h20m23s19_3.jpeg 4 16 27 27 53 52 65 68 95 5 145 159 182 25 94 105 131
Y2015M05D28h20m23s19_4.jpeg 4 9 22 27 54 58 68 68 98 4 168 180 210 27 99 108 137
Y2015M05D28h20m23s19_5.jpeg 3 10 27 30 56 77 75 79 108 11 138 149 177
Y2015M05D28h20m23s19_6.jpeg 4 8 28 29 54 29 89 102 127 53 65 65 93 7 143 150 175
Y2015M05D28h20m23s19_7.jpeg 3 51 58 56 84 40 89 95 123 7 142 147 174
Y2015M05D28h20m23s19_8.jpeg 4 10 26 28 51 71 66 67 93 14 114 119 145 2 176 190 220
Y2015M05D28h20m23s19_9.jpeg 3 13 28 31 53 20 111 123 148 66 64 68 94
Y2015M05D29h12m32s41_1.jpeg 2 63 65 71 79 36 107 128 144
Y2015M05D29h12m32s41_10.jpeg 3 56 69 73 80 37 109 132 146 5 131 113 111
Y2015M05D29h12m32s41_2.jpeg 3 10 23 36 52 40 102 130 149 49 61 73 88
Y2015M05D29h12m32s41_3.jpeg 4 21 53 47 52 28 112 137 152 13 102 85 90 36 68 80 93
Y2015M05D29h12m32s41_4.jpeg 2 67 73 74 82 32 113 137 151
Y2015M05D29h12m32s41_5.jpeg 2 63 73 74 84 36 106 133 149
Y2015M05D29h12m32s41_6.jpeg 2 64 68 75 82 35 108 135 152
Y2015M05D29h12m32s41_7.jpeg 4 15 35 40 51 32 104 138 153 49 67 74 84 1 214 213 221
Y2015M05D29h12m32s41_8.jpeg 2 62 55 62 72 37 100 130 148
Y2015M05D29h12m32s41_9.jpeg 3 10 25 34 43 37 100 131 148 52 64 71 80
Y2015M05D29h15m07s12_1.jpeg 4 9 39 26 59 57 144 149 185 13 197 212 244 20 82 73 101
Y2015M05D29h15m07s12_10.jpeg 4 5 26 20 48 28 120 118 150 46 164 175 213 19 74 59 88
Y2015M05D29h15m07s12_2.jpeg 5 7 25 18 47 37 153 163 202 9 202 218 248 24 125 123 152 20 75 65 95
Y2015M05D29h15m07s12_3.jpeg 5 7 32 20 52 40 151 157 193 12 191 210 241 18 73 60 93 21 112 110 140
Y2015M05D29h15m07s12_4.jpeg 4 6 25 15 43 48 139 143 177 26 78 70 100 18 182 199 233
Y2015M05D29h15m07s12_5.jpeg 4 8 37 26 55 34 131 132 163 35 168 182 222 21 80 69 100
Y2015M05D29h15m07s12_6.jpeg 5 6 23 14 43 23 114 114 144 40 155 164 204 19 70 55 89 10 195 214 245
Y2015M05D29h15m07s12_7.jpeg 5 7 24 15 42 46 127 130 162 22 179 194 231 16 68 62 89 6 84 48 77
Y2015M05D29h15m07s12_8.jpeg 4 10 37 25 54 49 137 142 176 23 85 73 102 16 179 196 234
Y2015M05D29h15m07s12_9.jpeg 5 8 32 26 53 27 124 125 157 43 164 176 214 14 80 74 99 5 82 46 86
Y2015M05D29h16m33s18_1.jpeg 3 12 50 59 88 42 149 170 204 45 90 106 136
Y2015M05D29h16m33s18_2.jpeg 3 11 57 65 96 43 155 176 212 44 97 109 141
Y2015M05D29h16m33s18_3.jpeg 2 56 82 94 126 43 144 165 201
Y2015M05D29h16m33s18_4.jpeg 5 2 24 28 46 5 115 133 178 81 158 179 220 7 94 78 74 3 67 62 73
Y2015M05D29h16m33s18_5.jpeg 4 1 11 20 36 88 149 173 212 2 85 83 88 7 184 204 232
Y2015M05D29h16m33s18_6.jpeg 3 2 31 39 62 95 145 168 207 1 75 77 87
Y2015M05D29h16m33s18_7.jpeg 3 3 29 39 67 90 147 171 213 6 180 197 229
Y2015M05D29h16m33s18_8.jpeg 4 2 37 42 63 78 148 174 214 7 97 123 169 11 125 133 167
Y2015M05D29h17m11s29_1.jpeg 3 6 109 67 107 92 140 71 113 1 163 139 176
Y2015M05D29h17m11s29_10.jpeg 1 99 133 67 108
Y2015M05D29h17m11s29_2.jpeg 3 7 78 39 82 89 141 73 114 3 160 130 172
Y2015M05D29h17m11s29_3.jpeg 3 5 87 50 89 92 146 75 118 1 166 135 181
Y2015M05D29h17m11s29_4.jpeg 3 9 108 62 102 88 142 71 115 1 177 149 192
Y2015M05D29h17m11s29_5.jpeg 2 3 101 50 91 96 143 72 114
Y2015M05D29h17m11s29_6.jpeg 2 10 101 56 94 89 142 71 113
Y2015M05D29h17m11s29_7.jpeg 1 99 137 69 110
Y2015M05D29h17m11s29_8.jpeg 2 7 94 55 88 92 138 70 112
Y2015M05D29h17m11s29_9.jpeg 2 4 87 58 86 95 135 69 108
Y2015M06D02h17m27s24_1.jpeg 3 17 19 29 61 64 73 87 122 17 146 160 201
Y2015M06D02h17m27s24_10.jpeg 5 10 15 33 68 24 106 137 191 24 81 97 125 18 61 84 132 21 151 176 221
Y2015M06D02h17m27s24_2.jpeg 4 7 9 18 41 28 133 148 186 28 76 93 138 36 66 76 103
Y2015M06D02h17m27s24_3.jpeg 4 7 18 28 53 18 149 171 211 39 59 77 111 33 99 121 157
Y2015M06D02h17m27s24_4.jpeg 4 9 11 33 65 24 95 121 172 35 140 164 206 30 63 86 123
Y2015M06D02h17m27s24_5.jpeg 5 10 20 38 70 22 122 143 186 38 73 93 129 16 170 194 235 11 140 152 177
Y2015M06D02h17m27s24_6.jpeg 3 9 13 33 71 50 134 160 207 39 66 91 131
Y2015M06D02h17m27s24_7.jpeg 4 9 22 41 81 38 114 140 188 23 167 192 239 28 68 89 130
Y2015M06D02h17m27s24_8.jpeg 4 9 17 34 72 39 130 156 205 39 72 89 131 10 163 181 215
Y2015M06D02h17m27s24_9.jpeg 6 13 17 33 68 22 63 87 136 16 72 86 109 17 133 160 215 12 172 195 236 17 107 127 162
Y2015M06D02h18m24s50_1.jpeg 5 6 42 42 100 67 164 152 223 8 131 140 191 13 105 95 161 4 197 202 247
Y2015M06D02h18m24s50_10.jpeg 5 2 4 10 62 3 96 90 160 80 161 152 224 10 110 119 170 3 38 47 98
Y2015M06D02h18m24s50_2.jpeg 5 3 51 46 117 10 107 105 166 3 201 208 246 79 161 155 225 2 16 21 72
Y2015M06D02h18m24s50_3.jpeg 5 2 12 17 68 70 159 151 224 8 193 195 241 6 69 67 131 11 110 114 167
Y2015M06D02h18m24s50_4.jpeg 3 3 24 24 80 87 159 152 223 8 92 91 149
Y2015M06D02h18m24s50_5.jpeg 5 4 14 18 73 77 157 152 222 5 187 191 241 3 84 78 153 8 92 95 149
Y2015M06D02h18m24s50_6.jpeg 4 2 5 13 63 12 114 114 176 80 162 155 227 4 48 55 112
Y2015M06D02h18m24s50_7.jpeg 3 4 19 20 78 87 157 150 220 7 87 92 148
Y2015M06D02h18m24s50_8.jpeg 5 4 18 24 75 72 159 151 225 4 69 65 132 6 183 183 238 13 116 120 175
Y2015M06D02h18m24s50_9.jpeg 3 5 27 31 86 10 100 100 160 84 159 152 223
Y2015M06D03h12m54s13_1.jpeg 3 37 32 55 85 28 126 171 214 34 71 108 146
Y2015M06D03h12m54s13_10.jpeg 6 20 29 57 92 8 179 169 209 23 86 126 172 32 112 177 224 6 114 98 127 8 218 185 204
Y2015M06D03h12m54s13_2.jpeg 5 14 12 30 62 17 87 128 168 44 48 77 109 8 65 64 80 15 142 189 229
Y2015M06D03h12m54s13_3.jpeg 5 13 7 28 60 25 101 155 198 25 30 64 102 17 143 200 240 18 65 109 151
Y2015M06D03h12m54s13_4.jpeg 3 30 39 74 108 46 85 139 180 22 123 184 229
Y2015M06D03h12m54s13_5.jpeg 4 4 9 50 102 27 66 110 151 11 66 93 117 56 101 159 204
Y2015M06D03h12m54s13_6.jpeg 6 41 29 57 94 20 87 123 164 10 91 90 121 5 199 164 184 15 133 179 223 6 125 96 118
Y2015M06D03h12m54s13_7.jpeg 5 50 35 59 90 19 61 99 142 5 185 157 176 14 114 158 202 9 103 93 118
Y2015M06D03h12m54s13_8.jpeg 7 18 32 73 116 16 72 124 173 4 205 180 203 11 14 40 75 32 115 176 225 8 73 80 105 8 118 139 176
Y2015M06D03h12m54s13_9.jpeg 6 20 26 54 90 20 61 105 149 6 212 181 197 39 111 171 218 6 98 91 114 6 143 150 194
Y2015M06D03h16m51s43_1.jpeg 4 1 33 51 70 25 227 233 249 61 188 191 221 10 136 135 163
Y2015M06D03h16m51s43_10.jpeg 2 4 96 94 125 95 192 196 224
Y2015M06D03h16m51s43_2.jpeg 3 1 60 49 68 87 192 191 223 11 131 121 150
Y2015M06D03h16m51s43_3.jpeg 3 2 88 88 120 79 200 203 233 17 155 152 184
Y2015M06D03h16m51s43_4.jpeg 3 5 75 72 105 13 143 143 174 81 199 204 232
Y2015M06D03h16m51s43_5.jpeg 3 5 49 56 81 7 131 132 161 86 198 202 230
Y2015M06D03h16m51s43_6.jpeg 3 3 90 88 117 86 199 203 231 9 156 154 185
Y2015M06D03h16m51s43_7.jpeg 4 1 44 49 72 25 223 230 249 69 187 190 221 4 108 106 132
Y2015M06D03h16m51s43_8.jpeg 3 5 92 90 119 23 226 231 249 70 186 187 218
Y2015M06D03h16m51s43_9.jpeg 3 3 58 59 89 9 143 143 174 86 196 199 230
Y2015M06D03h17m11s45_1.jpeg 4 17 12 7 11 22 171 167 169 43 48 42 50 16 103 97 103
Y2015M06D03h17m11s45_10.jpeg 4 38 6 4 6 8 119 110 117 45 53 47 55 7 176 166 172
Y2015M06D03h17m11s45_2.jpeg 4 22 9 4 6 18 169 162 167 37 45 35 43 21 93 84 92
Y2015M06D03h17m11s45_3.jpeg 4 25 9 4 7 16 101 91 98 39 45 35 44 18 172 165 169
Y2015M06D03h17m11s45_4.jpeg 4 25 9 5 8 15 96 89 96 40 45 38 45 17 168 162 167
Y2015M06D03h17m11s45_5.jpeg 5 18 9 5 8 11 133 124 133 39 40 34 41 15 75 68 77 13 182 174 180
Y2015M06D03h17m11s45_6.jpeg 4 24 10 7 10 12 114 104 112 47 49 42 50 15 176 167 174
Y2015M06D03h17m11s45_7.jpeg 4 29 13 9 13 10 112 102 111 16 168 161 167 43 56 48 57
Y2015M06D03h17m11s45_8.jpeg 4 28 10 6 9 13 118 108 117 13 173 165 173 44 58 49 60
Y2015M06D03h17m11s45_9.jpeg 4 40 5 4 5 10 116 109 116 41 54 48 57 7 173 169 173
Y2015M06D03h17m12s33_1.jpeg 4 17 6 4 6 9 50 52 70 21 181 162 164 51 136 123 136
Y2015M06D03h17m12s33_10.jpeg 4 39 5 3 4 11 97 84 90 18 196 173 176 29 142 130 136
Y2015M06D03h17m12s33_2.jpeg 4 41 8 3 7 2 61 55 69 16 179 164 172 39 131 120 129
Y2015M06D03h17m12s33_3.jpeg 5 47 4 3 4 5 57 61 80 32 161 147 154 12 111 99 105 2 63 46 46
Y2015M06D03h17m12s33_4.jpeg 4 26 6 4 6 7 66 57 66 15 181 164 169 50 136 121 131
Y2015M06D03h17m12s33_5.jpeg 5 20 8 5 10 5 69 76 92 50 141 128 140 15 188 169 175 8 96 78 87
Y2015M06D03h17m12s33_6.jpeg 5 31 6 4 5 4 55 46 54 37 153 138 150 17 109 94 107 9 199 179 183
Y2015M06D03h17m12s33_7.jpeg 4 30 7 3 7 10 80 67 76 46 136 124 132 12 190 171 176
Y2015M06D03h17m12s33_8.jpeg 3 50 6 4 6 26 127 115 124 22 183 163 166
Y2015M06D03h17m12s33_9.jpeg 3 50 5 3 6 20 118 109 117 28 180 160 165
Y2015M06D05h12m50s14_1.jpeg 6 6 112 35 56 34 183 69 88 2 234 199 214 28 207 70 94 10 219 139 161 16 156 64 83
Y2015M06D05h12m50s14_10.jpeg 6 6 215 154 179 23 166 51 69 9 125 46 61 16 241 67 96 40 206 62 86 3 230 131 157
Y2015M06D05h12m50s14_2.jpeg 5 22 147 51 67 47 191 58 81 8 225 140 163 12 233 76 100 9 203 91 112
Y2015M06D05h12m50s14_3.jpeg 7 5 116 33 50 38 195 62 84 5 225 156 176 16 226 69 95 18 166 55 76 4 227 124 149 10 162 82 100
Y2015M06D05h12m50s14_4.jpeg 6 10 133 59 77 40 192 67 88 5 237 186 202 14 233 84 114 20 172 69 90 9 209 131 152
Y2015M06D05h12m50s14_5.jpeg 6 9 140 69 84 46 197 70 93 5 228 164 187 13 234 78 104 19 166 67 85 5 221 134 158
Y2015M06D05h12m50s14_6.jpeg 6 9 128 42 56 17 167 52 73 4 238 179 200 17 236 72 98 43 197 60 83 7 215 126 149
Y2015M06D05h12m50s14_7.jpeg 7 7 120 41 56 44 197 62 87 5 237 184 200 14 240 70 103 16 156 49 67 3 186 117 135 6 221 117 140
Y2015M06D05h12m50s14_8.jpeg 6 5 235 173 198 15 245 75 104 12 144 51 70 39 190 69 90 21 213 69 94 5 225 132 159
Y2015M06D05h12m50s14_9.jpeg 6 8 116 40 55 46 203 59 83 4 241 192 212 13 243 69 99 19 164 54 74 7 211 131 156
Y2015M06D08h19m36s38_1.jpeg 3 67 32 26 37 19 104 93 106 12 172 156 170
Y2015M06D08h19m36s38_2.jpeg 4 77 29 23 35 2 130 136 157 6 88 76 86 13 167 151 160
Y2015M06D08h19m36s38_3.jpeg 3 81 30 22 35 5 104 88 98 13 171 152 163
Y2015M06D08h19m36s38_4.jpeg 4 7 22 11 24 3 111 98 113 77 45 42 54 10 164 145 155
Y2015M06D08h19m36s38_5.jpeg 4 6 17 11 23 4 115 106 123 77 48 46 58 10 165 148 161
Y2015M06D08h19m36s38_6.jpeg 4 4 15 12 24 6 106 100 119 74 48 47 57 13 159 148 159
Y2015M06D09h10m58s56_1.jpeg 4 11 35 19 18 31 137 120 117 37 85 69 67 20 195 178 175
Y2015M06D09h10m58s56_2.jpeg 4 9 31 10 8 42 187 158 153 14 76 52 48 32 124 94 89
Y2015M06D09h12m07s01_1.jpeg 3 88 58 70 102 6 41 35 54 4 117 122 142
Y2015M06D09h12m07s01_10.jpeg 2 96 55 68 98 3 109 120 145
Y2015M06D09h12m07s01_2.jpeg 2 97 55 69 98 2 107 121 151
Y2015M06D09h12m07s01_3.jpeg 2 95 52 67 93 4 116 129 157
Y2015M06D09h12m07s01_4.jpeg 2 92 54 68 97 7 87 102 131
Y2015M06D09h12m07s01_5.jpeg 3 4 25 37 66 91 57 72 100 3 103 119 149
Y2015M06D09h12m07s01_6.jpeg 2 94 53 68 95 5 98 115 143
Y2015M06D09h12m07s01_7.jpeg 3 5 28 35 58 89 54 68 95 5 105 118 148
Y2015M06D09h12m07s01_8.jpeg 2 88 53 66 95 11 87 103 133
Y2015M06D09h12m07s01_9.jpeg 2 94 55 68 95 5 105 116 142
Y2015M06D09h16m15s51_1.jpeg 4 3 16 13 6 25 147 151 129 64 199 197 161 6 73 75 53
Y2015M06D09h16m15s51_10.jpeg 4 8 19 14 3 21 147 152 135 60 199 196 158 8 63 61 46
Y2015M06D09h16m15s51_2.jpeg 4 10 27 17 7 7 99 94 77 53 199 194 160 28 158 155 141
Y2015M06D09h16m15s51_3.jpeg 5 8 16 13 2 7 109 109 92 57 201 197 160 19 158 161 147 7 53 53 36
Y2015M06D09h16m15s51_4.jpeg 5 2 18 12 1 55 205 201 164 10 124 129 123 26 168 168 150 5 81 78 58
Y2015M06D09h16m15s51_5.jpeg 5 7 22 17 6 5 73 72 58 59 200 197 158 21 157 162 145 5 118 113 94
Y2015M06D09h16m15s51_6.jpeg 5 9 15 11 4 7 106 108 92 47 199 196 155 26 165 167 148 8 58 55 42
Y2015M06D09h16m15s51_7.jpeg 5 4 13 7 1 7 89 92 75 59 199 197 159 22 150 156 135 5 41 35 20
Y2015M06D09h16m15s51_8.jpeg 4 7 26 20 6 7 87 85 68 62 199 195 158 21 149 157 143
Y2015M06D09h16m15s51_9.jpeg 5 10 16 11 4 10 118 120 105 53 200 195 158 17 160 165 145 7 60 59 42
Y2015M06D12h09m38s57_1.jpeg 3 86 33 30 46 6 126 113 124 6 74 63 75
Y2015M06D12h09m38s57_10.jpeg 4 74 39 37 58 8 131 117 118 10 20 9 15 6 83 70 76
Y2015M06D12h09m38s57_2.jpeg 3 20 50 51 84 13 121 105 111 65 38 33 47
Y2015M06D12h09m38s57_3.jpeg 4 70 36 35 55 11 91 73 83 11 23 11 21 6 134 116 124
Y2015M06D12h09m38s57_4.jpeg 3 70 37 35 53 17 111 95 104 11 23 11 20
Y2015M06D12h09m38s57_5.jpeg 4 71 42 40 62 9 166 146 149 11 21 8 15 7 93 78 84
Y2015M06D12h09m38s57_6.jpeg 4 69 48 43 67 10 170 152 153 13 26 12 20 7 101 85 91
Y2015M06D12h09m38s57_7.jpeg 4 73 46 42 66 8 105 89 98 11 26 13 24 5 161 144 150
Y2015M06D12h09m38s57_8.jpeg 4 71 37 36 57 7 100 86 92 15 23 12 18 5 153 136 140
Y2015M06D12h09m38s57_9.jpeg 4 73 36 34 53 7 132 119 124 11 17 7 13 7 80 68 76
Y2015M06D12h12m09s02_1.jpeg 1 99 206 207 231
Y2015M06D12h12m09s02_10.jpeg 1 99 203 206 230
Y2015M06D12h12m09s02_2.jpeg 3 1 120 114 136 82 212 215 235 15 174 172 195
Y2015M06D12h12m09s02_3.jpeg 1 99 207 208 231
Y2015M06D12h12m09s02_4.jpeg 1 99 203 206 227
Y2015M06D12h12m09s02_5.jpeg 2 9 163 162 184 90 211 212 235
Y2015M06D12h12m09s02_6.jpeg 1 99 203 207 227
Y2015M06D12h12m09s02_7.jpeg 1 99 205 207 229
Y2015M06D12h12m09s02_8.jpeg 2 9 170 170 195 90 211 213 234
Y2015M06D12h12m09s02_9.jpeg 3 11 159 159 185 74 205 206 229 14 234 236 248
Y2015M06D12h12m09s03_1.jpeg 4 6 22 20 46 16 160 161 191 70 207 213 238 5 71 75 103
Y2015M06D12h12m09s03_10.jpeg 2 91 165 168 199 7 114 112 136
Y2015M06D12h12m09s03_2.jpeg 5 1 15 13 32 69 178 181 212 12 129 127 155 13 224 225 250 2 64 64 85
Y2015M06D12h12m09s03_3.jpeg 4 2 74 78 107 63 181 185 218 16 221 226 250 17 140 144 175
Y2015M06D12h12m09s03_4.jpeg 3 1 35 37 63 68 187 191 224 29 136 138 164
Y2015M06D12h12m09s03_5.jpeg 3 5 58 54 78 65 187 192 221 28 133 133 157
Y2015M06D12h12m09s03_6.jpeg 4 6 9 10 31 4 74 76 100 62 186 190 220 25 139 141 169
Y2015M06D12h12m09s03_7.jpeg 4 4 10 12 37 13 114 120 146 77 173 178 208 4 51 52 74
Y2015M06D12h12m09s03_8.jpeg 4 5 6 6 24 26 113 115 134 63 166 169 201 4 38 41 60
Y2015M06D12h12m09s03_9.jpeg 3 2 19 22 46 85 163 167 196 12 109 115 138
Y2015M06D12h16m06s28_1.jpeg 2 74 61 65 82 25 110 115 131
Y2015M06D12h16m06s28_10.jpeg 2 69 54 57 75 30 111 114 131
Y2015M06D12h16m06s28_2.jpeg 3 10 16 18 34 54 55 58 74 34 104 104 118
Y2015M06D12h16m06s28_3.jpeg 4 11 15 15 32 30 89 91 109 46 50 53 71 10 136 136 152
Y2015M06D12h16m06s28_4.jpeg 4 21 26 27 43 45 59 62 82 23 114 114 134 10 91 86 91
Y2015M06D12h16m06s28_5.jpeg 4 51 48 53 71 26 102 105 123 12 79 71 72 9 136 120 127
Y2015M06D12h16m06s28_6.jpeg 4 29 34 39 56 47 71 75 91 17 116 122 138 6 147 135 141
Y2015M06D12h16m06s28_7.jpeg 4 12 20 22 38 46 55 59 75 32 94 95 110 9 142 141 155
Y2015M06D12h16m06s28_8.jpeg 3 48 49 53 70 42 92 92 105 9 144 141 155
Y2015M06D12h16m06s28_9.jpeg 4 52 49 52 70 29 99 103 121 9 85 79 80 8 157 147 156
Y2015M06D12h18m33s55_1.jpeg 4 8 8 18 52 28 163 182 221 44 100 122 167 18 53 69 105
Y2015M06D12h18m33s55_10.jpeg 4 6 12 26 62 38 163 183 218 37 104 131 179 18 71 89 123
Y2015M06D12h18m33s55_2.jpeg 3 9 24 37 74 38 154 178 215 52 91 116 158
Y2015M06D12h18m33s55_3.jpeg 4 5 7 23 64 46 158 180 219 36 102 125 173 11 52 72 110
Y2015M06D12h18m33s55_4.jpeg 4 6 6 20 60 39 161 187 224 13 63 85 125 40 111 138 183
Y2015M06D12h18m33s55_5.jpeg 4 4 5 20 60 42 154 175 211 37 100 124 171 14 54 72 108
Y2015M06D12h18m33s55_6.jpeg 4 6 5 13 48 31 161 181 214 48 99 121 165 13 57 70 106
Y2015M06D12h18m33s55_7.jpeg 4 5 8 22 57 32 160 179 215 42 98 121 167 19 64 80 115
Y2015M06D12h18m33s55_8.jpeg 5 7 6 13 43 24 165 187 220 28 99 125 178 21 64 79 113 16 116 134 165
Y2015M06D12h18m33s55_9.jpeg 5 6 6 16 53 36 159 181 214 23 103 131 186 11 50 67 100 22 97 119 153
Y2015M06D12h20m52s03_1.jpeg 4 9 12 7 34 20 85 83 112 27 151 148 177 42 40 35 63
Y2015M06D12h20m52s03_10.jpeg 4 10 11 6 30 18 105 99 128 22 164 157 184 48 39 35 59
Y2015M06D12h20m52s03_2.jpeg 4 9 10 7 30 17 94 96 120 51 42 40 64 21 159 156 179
Y2015M06D12h20m52s03_3.jpeg 4 7 11 7 31 18 95 93 124 23 156 152 182 51 41 37 63
Y2015M06D12h20m52s03_4.jpeg 3 52 37 31 56 25 103 98 126 21 167 158 185
Y2015M06D12h20m52s03_5.jpeg 4 52 36 31 54 14 86 78 109 12 179 164 192 20 129 124 155
Y2015M06D12h20m52s03_6.jpeg 3 47 37 33 54 22 97 92 118 29 161 151 180
Y2015M06D12h20m52s03_7.jpeg 4 11 11 8 30 18 104 98 125 22 159 153 180 48 39 38 60
Y2015M06D12h20m52s03_8.jpeg 4 10 10 7 29 15 96 92 119 25 155 148 175 48 39 36 59
Y2015M06D12h20m52s03_9.jpeg 4 13 12 7 32 15 101 94 121 47 41 36 61 23 159 153 180
Y2015M06D15h11m53s55_1.jpeg 1 99 94 53 77
Y2015M06D15h11m53s55_10.jpeg 3 4 47 19 39 93 93 50 77 1 131 98 118
Y2015M06D15h11m53s55_2.jpeg 1 99 95 50 78
Y2015M06D15h11m53s55_3.jpeg 1 99 93 47 76
Y2015M06D15h11m53s55_4.jpeg 2 3 49 21 43 96 92 46 75
Y2015M06D15h11m53s55_5.jpeg 1 99 91 44 73
Y2015M06D15h11m53s55_6.jpeg 2 2 39 5 23 97 96 47 77
Y2015M06D15h11m53s55_7.jpeg 2 98 96 47 77 1 137 94 121
Y2015M06D15h11m53s55_8.jpeg 3 3 45 13 33 95 94 47 76 1 123 91 109
Y2015M06D15h11m53s55_9.jpeg 1 99 93 47 76
Y2015M06D15h18m36s40_1.jpeg 7 7 43 38 57 15 199 205 232 17 106 94 111 17 132 105 102 13 232 235 246 10 178 155 148 17 155 145 163
Y2015M06D15h18m36s40_2.jpeg 5 8 47 39 61 14 169 164 193 14 103 91 114 33 144 118 123 28 217 223 245
Y2015M06D15h18m36s40_3.jpeg 6 2 16 12 33 14 152 149 176 22 123 101 113 38 207 215 239 9 154 128 122 12 70 64 85
Y2015M06D15h18m36s40_4.jpeg 5 3 49 42 67 27 201 208 233 43 144 117 114 13 144 133 153 12 99 85 105
Y2015M06D15h18m36s40_5.jpeg 6 3 15 13 32 15 163 162 192 21 135 108 104 40 208 216 240 10 108 97 119 9 55 51 65
Y2015M06D15h18m36s40_6.jpeg 5 10 49 38 55 39 202 208 233 15 102 92 110 20 148 120 113 14 152 138 153
Y2015M06D16h18m13s35_1.jpeg 5 2 7 21 52 40 132 164 222 7 39 70 122 39 86 117 174 11 162 194 240
Y2015M06D16h18m13s35_10.jpeg 4 6 30 43 78 46 117 148 204 27 63 92 146 18 164 197 246
Y2015M06D16h18m13s35_2.jpeg 5 3 1 16 47 40 102 134 191 16 58 88 145 32 147 180 234 7 38 56 89
Y2015M06D16h18m13s35_3.jpeg 5 3 6 21 59 47 113 145 205 16 61 93 153 21 158 192 244 10 46 62 104
Y2015M06D16h18m13s35_4.jpeg 5 3 3 15 54 39 104 134 195 17 58 87 149 32 150 182 238 7 39 54 95
Y2015M06D16h18m13s35_5.jpeg 4 8 24 39 79 42 132 164 224 40 76 107 165 9 168 202 250
Y2015M06D16h18m13s35_6.jpeg 4 10 27 47 82 39 136 168 227 41 79 109 167 9 174 207 249
Y2015M06D16h18m13s35_7.jpeg 4 1 2 13 52 53 143 175 234 38 80 110 170 5 43 57 93
Y2015M06D16h18m13s35_8.jpeg 4 6 25 44 84 45 133 165 225 34 76 107 166 12 169 202 249
Y2015M06D16h18m13s35_9.jpeg 5 2 4 18 61 39 130 161 219 34 75 106 163 14 168 201 249 9 39 60 102
Y2015M06D17h17m33s17_1.jpeg 4 10 9 16 45 48 40 49 79 34 90 100 134 6 136 153 184
Y2015M06D17h17m33s17_2.jpeg 3 49 32 40 64 34 72 80 111 15 119 131 163
Y2015M06D17h17m33s17_3.jpeg 3 59 31 38 66 30 80 90 124 9 127 141 178
Y2015M06D17h17m33s17_4.jpeg 3 53 37 42 72 37 83 91 124 8 133 146 178
Y2015M06D17h17m33s17_5.jpeg 3 56 31 39 68 33 78 83 120 10 133 145 183
Y2015M06D17h17m33s17_6.jpeg 3 55 27 35 62 32 76 84 118 12 138 149 182
Y2015M06D17h17m33s17_7.jpeg 3 50 27 34 63 30 76 78 112 19 126 137 171
Y2015M06D17h17m33s17_8.jpeg 4 51 26 32 58 7 58 71 117 16 132 143 179 25 77 80 110
Y2015M06D17h17m33s17_9.jpeg 5 48 31 35 59 8 79 96 136 9 134 147 177 19 85 78 103 14 139 132 148
Y2015M06D17h18m42s35_1.jpeg 4 8 3 6 25 5 75 88 129 66 161 181 226 19 118 127 162
Y2015M06D17h18m42s35_2.jpeg 4 8 2 8 21 3 56 64 106 66 162 184 227 21 120 132 169
Y2015M06D18h16m26s08_1.jpeg 2 95 61 65 137 4 131 137 199
Y2015M06D18h16m26s08_10.jpeg 2 96 60 61 126 3 116 115 162
Y2015M06D18h16m26s08_2.jpeg 3 88 61 62 133 9 115 113 177 2 16 19 64
Y2015M06D18h16m26s08_3.jpeg 3 90 60 62 134 5 97 96 153 4 135 141 205
Y2015M06D18h16m26s08_4.jpeg 2 94 57 59 131 5 128 133 190
Y2015M06D18h16m26s08_5.jpeg 2 96 62 63 135 3 142 145 209
Y2015M06D18h16m26s08_6.jpeg 2 94 57 57 129 5 117 117 160
Y2015M06D18h16m26s08_7.jpeg 3 92 57 56 125 4 97 93 143 2 114 110 142
Y2015M06D18h16m26s08_8.jpeg 4 14 66 64 153 76 58 57 125 5 91 89 136 3 135 132 165
Y2015M06D18h16m26s08_9.jpeg 5 8 65 64 151 80 60 61 129 1 141 136 195 2 118 111 147 6 67 64 115
Y2015M06D24h10m41s16_1.jpeg 3 6 76 82 106 14 179 187 209 79 236 244 248
Y2015M06D24h10m41s16_10.jpeg 6 1 35 17 37 69 241 247 249 9 136 134 168 12 191 203 226 3 156 136 152 2 83 70 95
Y2015M06D24h10m41s16_2.jpeg 4 1 54 62 85 80 236 242 247 14 169 179 201 4 147 129 146
Y2015M06D24h10m41s16_3.jpeg 3 3 86 87 105 73 238 244 248 22 186 197 214
Y2015M06D24h10m41s16_4.jpeg 3 5 77 82 104 15 170 180 197 79 234 240 246
Y2015M06D24h10m41s16_5.jpeg 4 8 59 63 84 19 177 185 206 62 234 242 246 10 115 116 146
Y2015M06D24h10m41s16_6.jpeg 6 1 2 10 18 6 177 193 211 79 242 249 248 6 94 109 131 3 200 182 182 2 42 56 78
Y2015M06D24h10m41s16_7.jpeg 6 3 69 85 118 16 181 189 210 52 230 241 247 18 245 231 231 6 140 126 150 2 59 45 66
Y2015M06D24h10m41s16_8.jpeg 6 3 75 89 127 12 185 189 216 67 233 241 249 2 120 104 122 11 240 223 220 2 58 49 68
Y2015M06D24h10m41s16_9.jpeg 4 1 25 40 67 12 183 194 216 78 239 245 246 7 67 84 114
Y2015M06D24h10m55s25_1.jpeg 4 14 70 73 108 38 165 178 221 31 209 219 248 15 118 126 163
Y2015M06D24h12m35s44_1.jpeg 7 42 83 88 128 6 146 150 177 4 35 29 58 22 110 129 178 12 82 77 95 7 219 224 240 3 165 143 162
Y2015M06D24h12m35s44_10.jpeg 4 62 79 89 129 26 107 126 177 6 46 49 75 4 154 158 189
Y2015M06D24h12m35s44_2.jpeg 4 5 41 41 67 30 111 127 176 4 214 215 236 59 77 85 121
Y2015M06D24h12m35s44_3.jpeg 5 4 31 34 61 28 102 125 173 2 214 216 243 56 73 84 122 8 125 132 163
Y2015M06D24h12m35s44_4.jpeg 4 5 38 41 69 32 103 125 175 59 78 86 124 2 153 160 191
Y2015M06D24h12m35s44_5.jpeg 4 3 13 13 32 25 106 125 175 68 77 86 120 3 146 152 188
Y2015M06D24h12m35s44_6.jpeg 3 2 24 25 47 36 114 132 178 61 76 85 121
Y2015M06D24h12m35s44_7.jpeg 4 10 53 53 86 29 113 133 179 3 197 199 226 55 80 90 129
Y2015M06D24h12m35s44_8.jpeg 6 47 76 87 124 24 105 129 174 3 24 18 42 7 224 225 241 6 140 137 168 10 78 68 94
Y2015M06D24h12m35s44_9.jpeg 5 33 108 128 178 44 78 88 125 6 41 43 67 4 167 148 178 11 88 78 99
Y2015M06D24h17m59s30_1.jpeg 2 4 91 106 148 95 159 181 223
Y2015M06D24h17m59s30_10.jpeg 3 2 10 26 57 93 157 180 222 3 62 78 113
Y2015M06D24h17m59s30_2.jpeg 3 2 10 27 59 10 115 133 171 86 158 181 222
Y2015M06D24h17m59s30_3.jpeg 2 3 95 110 149 96 155 177 218
Y2015M06D24h17m59s30_4.jpeg 2 1 57 72 111 98 154 176 217
Y2015M06D24h17m59s30_5.jpeg 3 2 4 16 46 93 156 177 217 4 87 97 132
Y2015M06D24h17m59s30_6.jpeg 2 4 99 116 157 95 154 175 216
Y2015M06D24h17m59s30_7.jpeg 2 2 59 74 113 97 155 175 217
Y2015M06D24h17m59s30_8.jpeg 3 1 62 71 106 92 159 180 221 5 116 132 170
Y2015M06D24h17m59s30_9.jpeg 3 2 37 56 86 94 158 181 222 3 110 123 155
Y2015M06D29h18m06s13_1.jpeg 3 10 44 24 11 11 116 93 70 78 162 136 87
Y2015M06D29h18m06s13_2.jpeg 1 99 165 136 87
Y2015M06D29h18m06s13_3.jpeg 4 4 29 11 5 5 92 73 61 66 165 136 84 23 157 134 107
Y2015M06D29h18m06s13_4.jpeg 3 9 63 39 14 14 138 118 88 75 166 138 88
Y2015M06D29h18m06s13_5.jpeg 3 1 49 28 6 89 166 139 88 8 136 117 86
Y2015M06D29h18m06s13_6.jpeg 4 8 48 29 9 13 142 122 92 72 164 136 84 5 88 68 44
Y2015M06D29h18m06s13_7.jpeg 4 5 35 12 5 12 153 133 104 75 165 136 82 6 87 65 53
Y2015M06D29h18m06s13_8.jpeg 4 10 56 32 16 11 152 124 92 73 168 139 84 3 107 82 63
Y2015M06D29h18m34s24_1.jpeg 3 46 33 39 55 45 73 83 100 7 111 124 140
Y2015M06D29h18m34s24_10.jpeg 3 48 23 28 42 40 72 77 91 11 129 133 151
Y2015M06D29h18m34s24_2.jpeg 3 8 6 13 30 42 91 101 121 49 42 49 68
Y2015M06D29h18m34s24_3.jpeg 3 11 10 17 35 56 46 53 70 32 96 106 125
Y2015M06D29h18m34s24_4.jpeg 4 8 6 12 30 32 73 84 102 13 118 129 147 45 36 44 62
Y2015M06D29h18m34s24_5.jpeg 4 39 21 25 42 34 59 66 83 20 98 106 123 5 151 154 174
Y2015M06D29h18m34s24_6.jpeg 3 7 11 15 31 78 54 62 76 13 109 119 135
Y2015M06D29h18m34s24_7.jpeg 3 12 13 16 34 67 52 58 74 20 107 115 133
Y2015M06D29h18m34s24_8.jpeg 3 13 12 17 31 65 50 57 72 21 110 117 134
Y2015M06D29h18m34s24_9.jpeg 4 8 3 6 18 35 71 74 89 13 113 122 138 42 29 34 48
