Y2015M04D28h05m43s02_1.jpeg 5 19 6 3 6 33 190 185 193 19 48 43 58 20 101 104 122 6 96 81 88 0 0 0 0 0 0 0 0 0 0 0 0 0 0 0 0
Y2015M04D28h05m43s02_10.jpeg 5 9 6 5 7 42 190 192 196 14 48 53 71 28 110 118 136 5 87 79 79
Y2015M04D28h05m43s02_2.jpeg 5 16 9 5 8 31 183 181 189 19 53 46 61 22 103 104 126 8 122 106 110
Y2015M04D28h05m43s02_3.jpeg 5 18 7 4 6 19 48 45 61 31 189 188 194 22 116 116 131 8 93 79 86
Y2015M04D28h05m43s02_4.jpeg 5 14 8 5 6 14 151 147 161 16 50 47 67 26 91 95 114 28 202 196 203
Y2015M04D28h05m43s02_5.jpeg 5 11 11 6 10 35 191 187 193 21 59 56 69 19 100 106 124 11 136 126 133
Y2015M04D28h05m43s02_6.jpeg 5 22 5 4 5 16 54 53 65 19 150 149 158 17 98 104 119 23 202 199 203
Y2015M04D28h05m43s02_7.jpeg 6 29 5 4 4 11 45 43 56 29 200 196 200 10 139 140 154 15 87 91 111 4 142 125 126
Y2015M04D28h05m43s02_8.jpeg 5 13 8 5 5 34 192 191 196 14 48 50 65 32 101 106 123 5 165 147 150
Y2015M04D28h05m43s02_9.jpeg 6 25 4 3 4 17 50 51 65 14 160 165 176 14 97 107 122 21 208 203 205 6 120 106 108
Y2015M04D28h06m03s18_1.jpeg 4 16 13 6 11 26 186 176 186 37 69 56 69 19 115 103 113
Y2015M04D28h06m03s18_2.jpeg 4 11 18 9 18 22 139 126 141 42 73 62 76 22 188 177 187
Y2015M04D28h06m03s18_3.jpeg 4 16 13 6 12 21 133 119 133 35 77 61 76 26 185 174 186
Y2015M04D28h06m04s36_1.jpeg 4 28 8 6 11 24 119 129 152 24 188 182 192 22 51 47 64
Y2015M04D28h06m04s36_2.jpeg 6 25 13 11 22 30 123 138 164 19 193 188 194 6 143 138 150 11 61 61 79 6 163 179 214
Y2015M04D28h06m04s36_3.jpeg 4 22 10 8 18 24 127 141 165 28 181 179 188 23 60 61 78
Y2015M04D28h06m04s36_4.jpeg 5 17 8 5 12 33 133 147 178 20 183 175 183 17 44 40 57 10 91 90 110
Y2015M04D28h06m04s36_5.jpeg 7 26 7 4 9 14 122 133 160 17 187 181 187 18 44 36 51 8 94 83 95 8 160 177 214 6 139 120 124
Y2015M04D28h06m04s36_6.jpeg 4 19 9 6 15 34 138 151 182 26 189 183 188 19 48 45 64
Y2015M04D28h06m04s36_7.jpeg 5 15 8 6 12 12 95 99 118 21 183 179 184 22 41 39 56 27 135 153 182
Y2015M04D28h06m04s36_8.jpeg 5 19 9 6 14 36 123 134 159 16 184 177 186 15 52 47 66 11 160 174 213
Y2015M04D28h06m04s36_9.jpeg 6 15 7 6 12 33 132 151 181 8 142 140 151 18 38 39 53 9 76 81 98 14 191 185 190
Y2015M04D28h06m06s06_1.jpeg 4 30 11 5 8 25 172 163 168 34 38 36 48 9 86 74 79
Y2015M04D28h06m06s06_10.jpeg 4 12 9 4 6 14 162 153 154 69 39 39 49 4 102 94 99
Y2015M04D28h06m06s06_2.jpeg 4 15 10 6 8 7 107 100 102 59 38 34 45 17 167 161 160
Y2015M04D28h06m06s06_3.jpeg 4 13 10 4 6 12 99 84 86 55 36 33 41 19 163 153 154
Y2015M04D28h06m06s06_4.jpeg 4 15 9 4 5 16 153 140 139 50 35 32 40 16 93 76 78
Y2015M04D28h06m06s06_5.jpeg 4 16 10 4 10 4 121 115 120 63 33 32 44 15 187 177 179
Y2015M04D28h06m06s06_6.jpeg 4 15 9 4 9 17 179 169 174 62 32 31 43 4 95 89 98
Y2015M04D28h06m06s06_7.jpeg 4 8 12 6 11 14 162 155 159 72 39 37 49 5 89 83 92
Y2015M04D28h06m06s06_8.jpeg 4 8 9 5 9 13 162 156 157 72 39 38 48 4 87 82 89
Y2015M04D28h06m06s06_9.jpeg 4 9 10 6 10 5 101 96 100 70 40 39 48 15 158 154 153
Y2015M04D29h04m23s27_1.jpeg 4 9 15 7 14 15 128 110 114 52 53 49 65 22 196 190 191
Y2015M04D29h04m23s27_10.jpeg 4 17 12 8 13 22 168 160 161 50 47 45 58 9 88 82 86
Y2015M04D29h04m23s27_2.jpeg 4 13 10 4 7 15 127 112 114 46 55 48 62 24 194 185 188
Y2015M04D29h04m23s27_3.jpeg 4 17 11 4 8 15 122 104 109 48 47 43 58 18 182 171 175
Y2015M04D29h04m23s27_4.jpeg 4 21 9 5 6 11 116 103 105 42 49 43 59 23 178 170 170
Y2015M04D29h04m23s27_5.jpeg 4 14 11 6 9 18 181 175 175 52 44 42 58 14 96 85 90
Y2015M04D29h04m23s27_6.jpeg 5 18 11 5 10 25 182 173 176 45 46 41 56 8 89 84 96 2 104 70 82
Y2015M04D29h04m23s27_7.jpeg 4 9 14 6 11 14 176 168 169 14 95 84 87 61 43 43 56
Y2015M04D29h04m23s27_8.jpeg 4 28 6 4 4 9 111 100 106 44 44 43 58 17 178 170 171
Y2015M04D29h04m23s27_9.jpeg 4 13 10 7 10 19 167 160 161 59 47 44 58 7 93 87 96
Y2015M04D29h05m39s56_1.jpeg 5 13 7 6 8 28 204 202 208 10 56 54 73 39 97 100 122 8 145 146 165
Y2015M04D29h05m39s56_2.jpeg 3 10 3 3 6 26 197 199 210 62 98 105 125
Y2015M04D29h05m39s56_3.jpeg 4 12 4 4 7 51 99 105 123 20 166 166 174 15 43 46 62
Y2015M04D29h05m39s56_4.jpeg 3 14 4 4 7 59 103 108 130 25 178 178 190
Y2015M04D29h05m39s56_5.jpeg 4 6 6 7 10 32 151 155 168 53 98 104 124 7 36 40 57
Y2015M04D29h05m39s56_6.jpeg 4 12 4 4 6 53 101 105 125 20 164 163 173 14 38 40 60
Y2015M04D29h05m39s56_7.jpeg 4 7 5 7 16 62 98 102 123 13 158 155 164 15 39 43 59
Y2015M04D29h05m39s56_8.jpeg 4 22 3 2 3 8 80 79 97 28 161 161 172 39 113 119 140
Y2015M04D29h05m40s23_1.jpeg 4 25 9 6 13 9 118 113 123 38 49 47 62 27 185 179 188
Y2015M04D29h05m40s23_10.jpeg 4 29 7 6 11 5 134 133 140 45 54 53 66 18 190 190 193
Y2015M04D29h05m40s23_2.jpeg 4 30 9 6 11 32 167 163 168 27 49 46 58 9 101 96 104
Y2015M04D29h05m40s23_3.jpeg 4 19 7 6 9 21 161 160 163 51 47 45 58 7 93 91 98
Y2015M04D29h05m40s23_4.jpeg 4 9 16 11 22 10 116 110 121 59 56 55 67 20 171 166 174
Y2015M04D29h05m40s23_5.jpeg 3 20 8 7 11 23 162 159 167 56 57 57 71
Y2015M04D29h05m40s23_6.jpeg 4 16 10 7 16 23 190 186 193 50 51 51 66 9 128 121 131
Y2015M04D29h05m40s23_7.jpeg 5 19 8 7 13 22 191 188 196 39 47 48 62 12 74 84 105 6 126 123 134
Y2015M04D29h05m40s23_8.jpeg 3 23 9 8 12 27 178 177 182 48 56 54 66
Y2015M04D29h05m40s23_9.jpeg 4 15 8 6 11 19 185 184 188 57 49 49 61 6 111 105 114
Y2015M04D30h03m37s58_1.jpeg 4 24 3 6 13 5 117 119 143 46 40 48 69 23 182 190 203
Y2015M04D30h03m37s58_10.jpeg 4 9 5 7 24 3 101 105 126 68 34 40 59 18 179 186 202
Y2015M04D30h03m37s58_2.jpeg 4 18 4 8 18 7 118 123 140 57 40 48 65 16 178 185 197
Y2015M04D30h03m37s58_3.jpeg 4 20 5 6 15 6 114 118 135 55 37 42 58 17 176 182 194
Y2015M04D30h03m37s58_4.jpeg 4 22 5 7 16 18 173 177 190 52 41 47 61 6 89 93 109
Y2015M04D30h03m37s58_5.jpeg 4 14 3 5 14 4 119 120 143 62 39 46 62 18 181 186 202
Y2015M04D30h03m37s58_6.jpeg 4 12 5 7 19 3 114 119 137 66 39 44 59 17 180 185 200
Y2015M04D30h03m37s58_7.jpeg 4 16 4 6 17 5 116 121 140 58 42 49 68 18 184 189 202
Y2015M04D30h03m37s58_8.jpeg 4 12 5 7 22 4 115 118 139 62 34 40 55 21 179 186 202
Y2015M04D30h03m37s58_9.jpeg 4 20 5 6 18 3 107 111 132 53 34 42 58 22 180 188 204
Y2015M04D30h04m06s21_1.jpeg 5 43 1 1 2 3 85 122 162 41 22 29 46 8 171 183 194 3 98 100 115
Y2015M04D30h04m06s21_10.jpeg 5 47 1 1 2 4 83 113 150 35 22 28 43 9 167 180 192 3 112 114 129
Y2015M04D30h04m06s21_2.jpeg 4 85 19 25 41 3 66 94 134 7 173 180 193 3 100 99 114
Y2015M04D30h04m06s21_3.jpeg 6 33 1 2 3 2 79 106 146 51 22 28 44 8 171 182 192 2 77 81 101 2 131 121 137
Y2015M04D30h04m06s21_4.jpeg 4 81 19 25 41 3 70 94 124 9 169 177 189 5 103 97 114
Y2015M04D30h04m06s21_5.jpeg 5 85 20 26 41 2 58 84 115 2 136 139 153 3 77 83 99 6 172 185 193
Y2015M04D30h04m06s21_6.jpeg 4 82 20 26 41 4 82 111 147 7 165 176 186 5 76 85 106
Y2015M04D30h04m06s21_7.jpeg 4 80 20 27 42 5 81 109 145 11 166 180 193 2 82 92 106
Y2015M04D30h04m06s21_8.jpeg 6 72 19 23 38 3 84 117 158 2 154 178 208 4 67 73 88 14 172 183 192 3 124 128 140
Y2015M04D30h04m06s21_9.jpeg 6 13 3 5 12 5 90 128 168 14 170 179 191 60 23 28 45 3 66 72 91 2 116 117 133
Y2015M04D30h05m24s42_1.jpeg 4 12 18 5 10 25 194 187 188 55 57 42 55 6 107 92 101
Y2015M04D30h05m24s42_10.jpeg 4 16 12 5 7 19 181 171 167 48 49 38 50 15 88 81 92
Y2015M04D30h05m24s42_2.jpeg 4 14 16 5 8 26 179 166 168 46 56 38 50 12 93 78 86
Y2015M04D30h05m24s42_3.jpeg 3 26 10 4 6 24 180 166 170 49 61 42 54
Y2015M04D30h05m24s42_4.jpeg 4 16 18 4 8 24 175 161 164 51 52 33 46 7 99 83 91
Y2015M04D30h05m24s42_5.jpeg 4 12 14 4 6 21 176 167 167 52 51 35 48 12 96 84 95
Y2015M04D30h05m24s42_6.jpeg 4 13 15 5 7 20 180 168 168 51 46 32 44 15 86 75 85
Y2015M04D30h05m24s42_7.jpeg 4 21 10 4 5 24 176 164 166 44 48 31 43 8 94 81 88
Y2015M04D30h05m24s42_8.jpeg 4 22 11 4 6 19 182 168 170 48 50 34 46 9 102 84 91
Y2015M04D30h05m24s42_9.jpeg 4 26 9 5 8 22 188 180 179 42 50 47 57 7 97 91 99
Y2015M04D30h12m04s09_1.jpeg 4 6 13 7 10 40 233 225 230 17 114 106 111 35 174 165 173
Y2015M04D30h12m04s09_2.jpeg 6 13 15 6 10 11 86 68 77 18 242 231 231 34 152 138 149 16 204 184 191 4 136 99 97
Y2015M04D30h12m04s09_3.jpeg 6 5 11 5 9 5 64 50 59 31 212 204 209 41 159 147 159 13 115 104 115 1 96 66 64
Y2015M04D30h12m04s09_4.jpeg 4 5 9 3 6 5 81 70 78 32 210 200 206 55 153 143 151
Y2015M04D30h12m04s09_5.jpeg 7 23 8 4 5 6 57 44 49 11 235 226 228 36 165 153 162 8 209 170 161 9 110 97 107 3 134 97 92
Y2015M04D30h12m04s09_6.jpeg 5 12 9 6 8 2 77 67 81 13 229 223 222 56 171 162 172 14 128 117 125
Y2015M04D30h12m04s09_7.jpeg 5 5 10 4 7 8 114 102 113 33 209 199 204 49 160 150 161 3 59 46 56
Y2015M04D30h12m04s09_8.jpeg 5 5 7 3 3 4 71 61 64 25 217 210 208 51 165 154 162 13 120 110 114
Y2015M04D30h12m04s09_9.jpeg 5 15 8 5 7 3 72 59 72 29 224 215 221 37 169 157 169 13 121 109 120
Y2015M04D30h12m12s38_1.jpeg 5 12 9 7 11 13 168 168 178 57 231 233 239 9 66 65 76 6 130 111 132
Y2015M04D30h12m12s38_2.jpeg 4 9 6 6 7 3 99 103 107 58 236 237 242 28 173 175 179
Y2015M04D30h12m12s38_3.jpeg 4 12 6 4 4 2 73 63 64 67 236 236 237 17 162 161 163
Y2015M04D30h12m12s38_4.jpeg 4 5 7 6 9 52 237 239 242 34 165 165 173 7 86 92 105
Y2015M04D30h12m12s38_5.jpeg 4 2 4 3 5 57 238 241 244 3 98 103 113 36 171 171 178
Y2015M05D06h03m18s49_1.jpeg 5 27 9 6 16 8 154 150 166 23 49 47 68 33 207 205 221 7 99 95 111
Y2015M05D06h03m18s49_10.jpeg 4 25 6 5 10 26 173 170 182 39 43 44 66 7 106 100 116
Y2015M05D06h03m18s49_2.jpeg 4 18 8 7 17 8 131 129 148 42 47 47 69 30 203 204 218
Y2015M05D06h03m18s49_3.jpeg 6 21 6 5 14 7 155 156 175 36 41 40 64 10 203 211 240 6 94 94 113 17 205 204 212
Y2015M05D06h03m18s49_4.jpeg 6 14 9 6 19 5 137 134 154 52 41 42 65 14 204 200 210 4 83 79 100 8 173 178 204
Y2015M05D06h03m18s49_5.jpeg 5 13 7 4 15 6 103 93 117 41 41 40 65 21 201 195 207 16 159 153 178
Y2015M05D06h03m18s49_6.jpeg 6 21 5 5 13 5 78 76 92 36 39 41 63 7 201 214 241 22 193 193 202 7 127 126 143
Y2015M05D06h03m18s49_7.jpeg 5 19 8 7 16 22 177 174 185 41 45 46 69 8 199 203 235 6 93 91 107
Y2015M05D06h03m18s49_8.jpeg 4 13 7 6 16 31 182 183 200 48 45 46 69 7 100 100 115
Y2015M05D06h03m18s49_9.jpeg 4 12 8 6 15 30 176 177 195 50 45 45 67 6 112 108 123
Y2015M05D06h09m23s16_1.jpeg 3 75 17 18 26 13 60 57 59 10 99 95 97
Y2015M05D06h09m23s16_2.jpeg 2 63 16 15 22 36 79 76 78
Y2015M05D06h09m23s16_3.jpeg 4 59 13 14 21 26 56 55 57 3 168 153 157 9 93 93 93
Y2015M05D06h09m23s16_4.jpeg 4 22 6 5 8 50 38 39 49 3 169 147 152 23 75 71 74
Y2015M05D07h04m11s44_1.jpeg 4 24 14 5 7 18 118 104 110 24 194 185 184 31 48 35 42
Y2015M05D07h05m39s29_1.jpeg 5 11 4 6 16 21 141 151 174 33 40 44 62 20 187 199 222 13 88 91 112
Y2015M05D07h05m39s29_10.jpeg 4 15 2 4 11 19 108 118 142 55 163 181 209 10 29 41 61
Y2015M05D07h05m39s29_2.jpeg 4 15 4 6 14 15 95 105 120 38 157 174 195 30 32 41 56
Y2015M05D07h05m39s29_3.jpeg 5 16 4 6 11 6 61 65 89 44 165 185 219 17 109 114 137 14 162 166 184
Y2015M05D07h05m39s29_4.jpeg 4 26 3 5 9 21 103 108 126 31 167 181 201 21 43 50 67
Y2015M05D07h05m39s29_5.jpeg 5 13 3 6 12 10 80 92 117 53 164 186 217 12 132 142 165 10 32 44 65
Y2015M05D07h05m39s29_6.jpeg 5 12 3 7 15 10 76 90 114 21 129 145 173 42 168 192 222 12 26 38 58
Y2015M05D07h05m39s29_7.jpeg 5 25 3 5 11 11 91 97 112 19 165 186 214 21 33 40 55 21 156 162 175
Y2015M05D07h05m39s29_8.jpeg 5 18 3 6 13 10 86 96 120 30 172 194 223 21 28 37 58 19 146 155 174
Y2015M05D07h05m39s29_9.jpeg 4 31 4 5 9 6 61 72 94 40 173 188 212 21 132 136 155
Y2015M05D07h10m50s24_1.jpeg 7 12 14 6 10 13 120 135 168 14 50 56 81 20 202 209 235 20 70 62 62 10 213 194 205 7 139 127 142
Y2015M05D07h10m50s24_10.jpeg 7 11 22 6 10 14 106 107 135 28 57 46 49 7 138 118 127 20 47 51 74 9 202 178 181 7 202 197 222
Y2015M05D07h10m50s24_2.jpeg 8 11 17 7 12 8 114 122 156 10 46 55 78 12 224 224 244 26 61 52 54 12 225 205 211 5 110 92 98 14 175 180 212
Y2015M05D07h10m50s24_3.jpeg 8 14 10 4 7 12 169 176 213 15 83 91 121 9 40 43 66 8 225 226 244 11 122 119 137 8 222 198 206 19 65 56 60
Y2015M05D07h10m50s24_4.jpeg 7 7 17 5 8 9 99 112 144 22 225 214 227 9 54 45 71 17 182 188 222 9 140 126 145 23 56 51 53
Y2015M05D07h10m50s24_5.jpeg 5 10 9 4 6 6 152 142 154 60 63 58 65 16 92 94 120 4 212 200 209
Y2015M05D07h10m50s24_6.jpeg 5 14 7 4 8 14 86 88 115 6 158 149 155 49 54 50 58 14 98 90 96
Y2015M05D07h10m50s24_7.jpeg 6 8 6 3 10 35 78 79 106 7 132 125 143 24 60 53 60 20 27 28 46 2 192 179 191
Y2015M05D07h10m50s24_8.jpeg 4 12 13 7 10 8 127 128 159 68 59 53 62 11 151 136 140
Y2015M05D07h10m50s24_9.jpeg 7 8 7 3 10 19 120 122 149 27 77 78 104 10 176 177 207 7 96 75 87 21 40 38 51 5 168 145 153
Y2015M05D08h06m00s16_1.jpeg 5 13 3 13 29 34 178 199 220 23 50 100 81 10 44 55 87 17 43 76 83
Y2015M05D08h06m00s16_10.jpeg 4 12 11 31 40 37 48 96 71 22 157 178 190 28 47 81 78
Y2015M05D08h06m00s16_2.jpeg 6 7 1 5 18 30 185 203 228 26 48 98 77 17 22 42 67 10 38 74 74 7 86 111 132
Y2015M05D08h06m00s16_3.jpeg 5 17 5 10 20 32 183 203 217 15 34 63 69 27 49 96 75 7 92 115 129
Y2015M05D08h06m00s16_4.jpeg 5 7 2 9 21 29 182 204 219 36 47 94 74 12 18 42 49 12 75 92 106
Y2015M05D08h06m00s16_5.jpeg 7 10 2 5 14 17 43 78 72 6 130 153 166 10 18 39 49 27 48 98 73 20 194 210 225 6 83 78 101
Y2015M05D08h06m00s16_6.jpeg 5 12 3 6 15 41 49 98 76 6 113 138 153 14 27 50 63 25 177 196 215
Y2015M05D08h06m00s16_7.jpeg 4 7 2 7 15 30 170 194 206 12 26 53 57 49 53 98 81
Y2015M05D08h06m00s16_8.jpeg 5 10 11 28 37 6 120 144 155 25 50 99 76 33 48 82 79 24 178 198 210
Y2015M05D08h06m00s16_9.jpeg 4 5 7 29 34 24 167 184 197 40 47 97 70 29 49 81 79
Y2015M05D11h04m24s03_1.jpeg 3 21 5 6 14 15 133 135 173 62 194 201 227
Y2015M05D11h04m24s03_10.jpeg 6 13 4 5 10 9 80 79 113 32 165 176 221 23 127 132 173 10 166 173 193 10 196 216 249
Y2015M05D11h04m24s03_2.jpeg 5 6 4 7 11 6 75 73 113 28 194 203 225 43 166 179 226 15 131 132 172
Y2015M05D11h04m24s03_3.jpeg 5 8 5 5 13 7 81 72 102 50 196 202 223 20 179 190 234 13 128 132 170
Y2015M05D11h04m24s03_4.jpeg 6 14 5 5 11 6 79 81 116 26 187 193 214 8 135 144 199 20 181 196 237 23 140 148 184
Y2015M05D11h04m24s03_5.jpeg 6 21 5 5 9 4 69 67 94 14 175 178 194 11 120 127 178 37 173 183 229 10 126 125 157
Y2015M05D11h04m24s03_6.jpeg 5 20 4 4 9 14 105 106 137 42 166 176 220 10 123 132 185 11 171 176 195
Y2015M05D11h04m24s03_7.jpeg 6 2 4 4 20 8 122 128 191 19 171 173 198 48 165 176 225 6 65 62 93 14 120 120 155
Y2015M05D11h04m24s03_8.jpeg 5 8 3 3 11 11 81 79 114 28 132 140 185 19 162 167 193 31 177 193 236
Y2015M05D11h04m24s03_9.jpeg 5 10 3 5 11 7 74 67 104 42 174 185 229 26 127 131 173 13 170 173 195
Y2015M05D11h04m51s39_1.jpeg 4 28 6 4 13 15 114 112 142 26 47 32 63 29 168 167 188
Y2015M05D11h04m51s39_2.jpeg 4 14 13 6 31 10 98 98 131 26 54 38 69 47 142 147 175
Y2015M05D11h04m51s39_3.jpeg 4 16 16 5 33 11 94 89 122 29 54 33 64 42 149 154 189
Y2015M05D11h04m51s39_4.jpeg 4 15 16 6 25 28 92 87 109 33 150 155 184 23 55 35 59
Y2015M05D11h04m51s39_5.jpeg 5 14 13 5 21 29 86 79 101 15 132 132 165 23 49 29 56 16 178 181 214
Y2015M05D11h04m51s39_6.jpeg 5 13 11 4 18 29 103 90 108 15 139 137 163 28 55 31 57 13 179 188 220
Y2015M05D11h04m51s39_7.jpeg 4 18 14 5 24 18 109 105 127 28 63 38 67 33 158 165 195
Y2015M05D11h04m51s39_8.jpeg 5 28 5 3 8 17 97 94 112 19 140 142 168 23 51 30 55 10 184 197 224
Y2015M05D11h05m59s49_1.jpeg 6 14 5 7 17 21 185 199 229 26 40 46 71 11 94 100 119 8 145 153 173 18 62 75 115
Y2015M05D11h05m59s49_10.jpeg 6 18 5 7 17 6 155 167 202 44 52 62 90 10 88 93 111 13 186 204 222 6 141 147 161
Y2015M05D11h05m59s49_2.jpeg 5 22 4 5 13 13 121 126 145 36 51 56 85 8 167 180 221 19 186 202 224
Y2015M05D11h05m59s49_3.jpeg 4 12 3 6 15 28 174 189 211 44 53 61 86 14 110 117 136
Y2015M05D11h05m59s49_4.jpeg 6 26 3 4 8 8 159 175 213 20 44 46 72 11 113 118 133 14 185 205 227 17 73 80 115
Y2015M05D11h05m59s49_5.jpeg 5 8 4 6 12 17 175 189 211 16 34 37 58 13 109 115 134 42 62 72 102
Y2015M05D11h05m59s49_6.jpeg 5 18 4 5 12 6 155 166 207 48 49 60 86 10 111 116 133 16 184 199 218
Y2015M05D11h05m59s49_7.jpeg 4 12 7 10 24 16 117 124 141 52 56 65 92 17 181 194 216
Y2015M05D11h05m59s49_8.jpeg 5 14 3 5 12 12 109 113 128 29 61 75 106 28 45 47 66 15 175 188 209
Y2015M05D11h05m59s49_9.jpeg 5 17 5 6 15 10 119 125 142 27 64 78 112 29 46 53 72 15 182 195 217
Y2015M05D11h12m15s40_1.jpeg 6 11 9 4 3 6 127 93 98 12 130 50 71 23 218 188 190 35 183 75 106 10 186 121 136
Y2015M05D11h12m15s40_10.jpeg 6 10 6 2 2 15 147 68 84 6 111 83 86 48 180 70 101 7 230 206 202 11 220 168 172
Y2015M05D11h12m15s40_2.jpeg 6 29 7 4 3 7 131 100 103 11 123 47 63 17 220 191 190 25 178 69 98 9 190 125 133
Y2015M05D11h12m15s40_3.jpeg 8 6 5 4 3 8 125 51 68 12 155 161 193 7 90 82 95 35 185 77 104 12 222 192 195 8 189 119 133 8 147 122 126
Y2015M05D11h12m15s40_4.jpeg 8 9 11 5 6 17 144 69 88 5 90 98 125 12 226 186 191 26 181 73 103 8 96 70 76 10 152 121 129 8 154 157 185
Y2015M05D11h12m15s40_5.jpeg 8 9 12 5 5 10 188 147 151 20 169 78 101 5 114 112 128 12 130 71 86 11 237 210 209 13 194 78 108 16 91 66 66
Y2015M05D11h12m15s40_6.jpeg 8 4 10 2 4 10 123 56 72 7 204 167 169 16 89 65 69 17 202 80 110 8 144 109 114 22 173 78 103 11 242 217 215
Y2015M05D11h12m15s40_7.jpeg 7 11 8 3 4 6 133 128 158 24 167 69 97 21 227 201 202 12 93 64 69 14 196 74 106 9 160 102 115
Y2015M05D11h12m15s40_8.jpeg 8 13 8 4 3 6 148 92 120 9 145 152 182 7 206 191 195 29 185 72 103 9 92 72 76 9 223 167 172 14 152 68 89
Y2015M05D11h12m15s40_9.jpeg 7 3 6 4 2 15 128 55 74 6 198 174 171 19 198 73 105 40 174 71 99 7 189 123 131 7 86 62 67
Y2015M05D11h12m21s33_1.jpeg 6 2 13 13 30 41 236 229 234 21 140 147 177 17 192 198 226 10 85 92 124 6 182 170 177
Y2015M05D11h12m21s33_10.jpeg 7 15 8 5 7 6 58 63 93 8 173 166 175 8 126 133 168 17 180 186 216 37 226 221 227 6 105 106 125
Y2015M05D11h12m21s33_2.jpeg 5 9 7 5 8 6 65 68 99 47 223 220 228 18 139 141 170 17 191 194 222
Y2015M05D11h12m21s33_3.jpeg 6 5 18 19 42 19 230 226 231 18 132 140 174 23 72 76 104 10 119 109 121 22 183 188 216
Y2015M05D11h12m21s33_4.jpeg 6 15 5 4 5 4 57 60 82 44 230 225 230 17 180 189 219 7 151 144 156 9 111 119 149
Y2015M05D11h12m21s33_5.jpeg 7 10 7 4 6 12 121 128 163 37 228 226 231 8 58 60 93 14 182 190 226 4 96 85 97 11 177 175 190
Y2015M05D11h12m21s33_6.jpeg 6 6 11 11 25 26 183 190 219 11 64 70 100 16 122 130 165 34 229 223 228 4 130 110 120
Y2015M05D11h12m21s33_7.jpeg 6 8 25 31 58 19 129 138 171 21 228 223 224 21 80 83 108 24 182 189 220 4 7 5 10
Y2015M05D11h12m21s33_8.jpeg 7 6 6 5 8 16 131 141 176 10 40 43 70 19 225 217 223 10 129 123 138 20 186 196 227 16 80 87 116
Y2015M05D11h12m21s33_9.jpeg 6 6 15 13 28 35 227 220 225 16 82 88 114 16 135 144 175 6 148 141 149 18 190 197 225
Y2015M05D12h05m50s23_1.jpeg 5 16 8 4 7 27 211 204 210 12 55 49 62 31 95 90 103 12 152 143 152
Y2015M05D12h05m50s23_10.jpeg 4 13 22 19 29 29 138 132 144 48 75 73 84 9 200 196 200
Y2015M05D12h05m50s23_2.jpeg 5 16 6 4 6 19 208 202 208 13 57 44 56 39 91 86 97 11 154 146 156
Y2015M05D12h05m50s23_3.jpeg 5 9 4 3 4 17 208 203 209 15 44 39 52 12 146 137 146 44 85 84 95
Y2015M05D12h05m50s23_4.jpeg 4 18 32 26 42 17 208 204 211 52 86 83 96 11 151 140 154
Y2015M05D12h05m50s23_5.jpeg 6 8 5 3 7 20 202 198 205 32 83 81 93 14 135 130 141 10 139 108 114 13 49 37 47
Y2015M05D12h05m50s23_6.jpeg 6 13 8 5 9 29 107 104 118 14 54 50 63 22 198 193 199 10 156 125 130 8 80 55 59
Y2015M05D12h05m50s23_7.jpeg 5 17 6 3 5 19 206 202 205 13 42 40 51 35 84 84 95 14 144 138 147
Y2015M05D12h05m50s23_8.jpeg 5 5 10 5 13 15 207 202 207 18 51 47 60 45 91 89 102 15 151 142 155
Y2015M05D12h05m50s23_9.jpeg 5 20 6 3 5 22 205 198 202 14 47 43 55 29 92 91 102 12 153 138 146
Y2015M05D12h09m27s05_1.jpeg 3 14 9 7 13 20 117 114 122 64 41 40 49
Y2015M05D12h09m27s05_10.jpeg 3 16 9 7 12 22 126 122 130 61 44 44 54
Y2015M05D12h09m27s05_2.jpeg 4 13 4 4 8 21 126 125 132 59 29 30 38 6 76 73 83
Y2015M05D12h09m27s05_3.jpeg 4 19 6 4 9 19 123 119 128 48 32 29 39 12 71 69 75
Y2015M05D12h09m27s05_4.jpeg 3 75 28 28 38 6 74 73 85 17 125 123 134
Y2015M05D12h09m27s05_5.jpeg 3 15 6 5 10 24 119 117 125 59 37 38 47
Y2015M05D12h09m27s05_6.jpeg 3 16 5 5 9 20 121 119 128 62 34 36 44
Y2015M05D12h09m27s05_7.jpeg 3 12 6 6 10 19 121 119 128 68 34 35 45
Y2015M05D12h09m27s05_8.jpeg 3 15 7 6 10 19 116 114 122 65 40 40 50
Y2015M05D12h09m27s05_9.jpeg 4 23 4 4 6 13 129 126 134 49 39 40 50 13 77 77 84
Y2015M05D13h03m55s12_1.jpeg 4 34 5 4 5 6 70 61 77 30 169 165 180 28 127 120 126
Y2015M05D13h04m11s09_1.jpeg 4 27 9 5 6 16 151 128 127 35 69 58 66 20 217 206 207
Y2015M05D13h04m11s09_10.jpeg 4 9 19 10 11 24 198 187 184 50 68 63 68 15 132 107 105
Y2015M05D13h04m11s09_2.jpeg 4 23 12 6 8 7 154 139 142 48 65 58 68 20 214 201 203
Y2015M05D13h04m11s09_3.jpeg 4 18 13 6 8 23 205 194 195 42 68 59 67 15 138 117 120
Y2015M05D13h04m11s09_4.jpeg 4 10 21 10 12 29 202 190 190 42 65 58 63 17 135 112 111
Y2015M05D13h04m11s09_5.jpeg 4 20 16 7 10 12 142 124 123 35 64 57 64 31 214 198 198
Y2015M05D13h04m11s09_6.jpeg 5 11 17 8 12 30 215 203 199 41 60 54 66 8 137 121 119 8 89 72 70
Y2015M05D13h04m11s09_7.jpeg 5 10 16 8 9 31 212 198 194 40 65 62 71 9 143 126 122 7 92 71 67
Y2015M05D13h04m11s09_8.jpeg 4 24 10 5 5 21 208 196 194 43 65 59 65 9 130 114 112
Y2015M05D13h04m11s09_9.jpeg 4 7 17 9 11 23 210 197 193 56 67 62 70 11 138 121 117
Y2015M05D13h05m01s20_1.jpeg 4 16 13 6 11 36 209 197 199 28 62 54 67 17 130 114 119
Y2015M05D13h05m01s20_2.jpeg 5 16 7 3 5 18 142 129 130 12 40 32 41 25 205 193 193 26 80 71 78
Y2015M05D13h05m01s20_3.jpeg 5 21 9 4 7 16 144 129 132 20 51 42 51 28 204 192 193 13 91 79 85
Y2015M05D13h05m01s20_4.jpeg 4 28 11 7 11 17 149 132 136 29 202 192 192 24 73 64 74
Y2015M05D13h05m01s20_5.jpeg 6 31 10 6 9 3 130 131 143 19 67 59 67 24 205 196 197 13 168 146 148 7 116 97 99
Y2015M05D13h05m01s20_6.jpeg 5 27 11 7 11 5 131 129 141 26 197 187 187 15 139 113 111 24 63 57 67
Y2015M05D13h05m01s20_7.jpeg 5 21 16 11 17 24 194 183 182 29 64 56 68 9 111 108 119 15 126 104 102
Y2015M05D13h05m22s23_1.jpeg 5 28 4 2 4 7 52 41 61 30 172 166 186 17 214 203 210 15 112 100 111
Y2015M05D13h05m22s23_10.jpeg 4 17 5 3 6 9 47 42 55 50 190 185 197 22 113 100 108
Y2015M05D13h05m22s23_2.jpeg 5 11 8 3 7 8 46 35 54 48 190 183 194 20 140 129 137 10 96 82 94
Y2015M05D13h05m22s23_3.jpeg 4 24 5 3 5 7 54 48 62 47 188 186 197 19 114 106 116
Y2015M05D13h05m22s23_4.jpeg 4 24 5 3 5 8 51 41 58 45 194 188 201 21 114 103 117
Y2015M05D13h05m22s23_5.jpeg 5 13 10 6 11 31 181 176 195 10 56 48 62 21 204 195 196 22 116 102 113
Y2015M05D13h05m22s23_6.jpeg 4 17 5 4 6 10 57 50 63 48 189 183 195 22 130 116 126
Y2015M05D13h05m22s23_7.jpeg 4 21 7 4 6 10 60 51 67 44 189 184 198 23 122 110 121
Y2015M05D13h05m22s23_8.jpeg 5 12 8 4 8 13 134 132 153 8 69 63 80 47 196 189 204 18 122 104 112
Y2015M05D13h05m22s23_9.jpeg 6 13 7 4 6 7 50 40 55 31 170 166 185 21 206 197 201 11 152 131 134 15 106 91 103
Y2015M05D13h06m36s48_1.jpeg 4 15 9 6 11 35 193 185 194 16 74 59 74 32 121 110 133
Y2015M05D13h06m36s48_2.jpeg 6 11 11 5 11 32 197 186 193 9 58 47 70 13 94 71 82 20 116 109 139 12 135 117 129
Y2015M05D13h06m36s48_3.jpeg 6 5 13 4 5 20 131 128 154 17 80 74 98 9 76 56 65 23 176 164 169 23 118 99 107
Y2015M05D14h10m22s25_1.jpeg 4 11 7 5 11 27 139 148 175 47 54 56 71 13 100 102 114
Y2015M05D14h10m22s25_2.jpeg 6 36 2 2 3 8 61 70 98 6 126 133 160 13 79 81 86 27 26 29 39 7 179 193 222
Y2015M05D14h10m22s25_3.jpeg 2 46 2 3 5 53 45 50 61
Y2015M05D14h10m22s25_4.jpeg 5 7 13 13 27 15 150 147 168 36 85 88 116 32 73 64 74 8 215 219 237
Y2015M05D14h10m22s25_5.jpeg 5 4 14 8 14 42 79 83 108 35 55 51 64 2 199 208 228 14 119 122 147
Y2015M05D14h10m22s25_6.jpeg 3 5 7 4 13 83 85 80 99 11 43 39 56
Y2015M05D14h10m22s25_7.jpeg 5 13 6 6 11 14 93 99 131 43 70 65 76 26 145 148 181 2 215 219 236
Y2015M05D14h10m22s25_8.jpeg 5 6 22 18 34 33 154 160 193 11 217 223 237 10 134 118 125 38 72 66 76
Y2015M05D14h10m22s25_9.jpeg 5 7 7 9 15 9 172 177 189 37 65 67 77 32 239 245 248 11 111 108 120
Y2015M05D14h12m39s01_1.jpeg 7 7 16 6 7 22 182 171 183 32 244 235 236 9 101 88 102 14 222 185 183 8 128 96 96 5 62 33 38
Y2015M05D14h12m39s01_10.jpeg 6 7 13 6 6 13 185 173 184 36 246 238 238 14 85 67 71 17 222 183 177 9 130 115 123
Y2015M05D14h12m39s01_2.jpeg 7 7 18 7 8 11 143 129 145 15 200 188 202 12 136 106 103 30 245 235 235 13 223 187 184 10 68 48 53
Y2015M05D14h12m39s01_3.jpeg 7 8 9 4 3 12 167 157 170 36 244 233 235 8 68 42 44 8 178 145 137 11 98 83 88 12 234 198 192
Y2015M05D14h12m39s01_4.jpeg 7 16 8 5 4 9 168 155 172 35 245 235 234 6 61 35 37 13 217 185 182 8 151 118 118 11 93 74 78
Y2015M05D14h12m39s01_5.jpeg 7 8 47 22 27 13 209 197 212 12 146 134 145 29 248 240 238 10 168 133 132 14 93 74 80 12 225 194 190
Y2015M05D14h12m39s01_6.jpeg 7 13 10 5 3 9 80 57 62 33 248 238 237 9 152 138 156 13 213 183 178 7 125 106 106 11 209 197 212
Y2015M05D14h12m39s01_7.jpeg 6 5 32 13 14 14 209 198 209 15 153 135 144 33 249 240 239 18 91 74 78 11 222 193 190
Y2015M05D14h12m39s01_8.jpeg 7 7 26 12 15 13 149 133 147 30 247 238 238 15 220 184 175 11 86 67 77 7 137 100 97 14 203 188 204
Y2015M05D14h12m39s01_9.jpeg 7 6 11 5 5 12 152 135 148 17 209 195 208 17 221 182 175 8 84 67 78 29 249 240 239 7 120 85 80
Y2015M05D14h14m55s10_1.jpeg 5 7 13 5 8 56 110 96 99 8 228 213 213 17 65 63 78 10 160 144 147
Y2015M05D14h14m55s10_2.jpeg 4 6 13 6 9 65 113 101 105 10 225 210 211 16 61 55 72
Y2015M05D14h15m51s53_1.jpeg 6 15 4 4 5 24 164 174 196 11 93 99 117 25 190 185 191 10 122 98 105 12 52 41 46
Y2015M05D14h15m51s53_10.jpeg 5 41 2 1 1 23 51 38 38 13 148 144 148 15 127 102 99 6 186 190 203
Y2015M05D14h15m51s53_2.jpeg 6 22 6 4 5 7 73 76 89 42 182 184 200 8 107 79 81 11 126 131 149 7 153 125 128
Y2015M05D14h15m51s53_3.jpeg 4 7 11 12 23 20 93 97 111 69 165 168 182 2 120 91 101
Y2015M05D14h15m51s53_4.jpeg 5 10 8 7 11 9 66 69 81 22 123 131 148 54 174 176 188 3 120 97 107
Y2015M05D14h15m51s53_5.jpeg 6 9 14 8 10 17 128 135 153 8 70 69 82 46 173 175 186 8 105 73 69 8 151 123 123
Y2015M05D14h15m51s53_6.jpeg 5 10 7 5 8 9 56 58 69 56 173 177 191 21 111 118 133 3 123 100 103
Y2015M05D14h15m51s53_7.jpeg 4 14 8 6 10 17 55 58 70 18 110 116 129 48 172 176 189
Y2015M05D14h15m51s53_8.jpeg 5 9 8 8 15 10 62 66 81 57 168 173 187 19 115 121 137 3 148 125 128
Y2015M05D14h15m51s53_9.jpeg 5 8 5 5 10 10 77 81 95 50 171 177 190 21 122 131 147 8 35 36 46
Y2015M05D14h16m55s39_1.jpeg 4 10 11 5 11 48 207 197 204 18 78 56 71 22 124 112 126
Y2015M05D14h16m55s39_10.jpeg 7 7 15 7 16 19 152 154 187 20 219 204 210 6 69 69 95 21 104 63 81 8 141 119 128 15 198 199 226
Y2015M05D14h16m55s39_2.jpeg 5 9 17 8 14 43 208 200 210 15 72 58 71 23 129 121 137 7 109 68 89
Y2015M05D14h16m55s39_3.jpeg 6 5 34 17 37 12 194 193 217 17 103 100 120 39 221 208 210 13 99 64 83 11 137 118 118
Y2015M05D14h16m55s39_4.jpeg 5 7 15 5 12 12 185 183 210 25 119 112 127 22 89 63 78 33 221 206 212
Y2015M05D14h16m55s39_5.jpeg 6 8 14 6 9 11 185 183 210 12 75 68 85 8 102 60 82 36 222 208 212 23 125 111 120
Y2015M05D14h16m55s39_6.jpeg 6 12 5 3 5 15 182 183 208 7 42 31 46 29 219 206 211 16 93 59 76 18 116 108 122
Y2015M05D14h16m55s39_7.jpeg 8 10 16 7 12 8 154 151 179 5 50 52 76 33 219 206 208 11 152 129 132 12 98 82 90 7 101 55 77 11 209 208 231
Y2015M05D14h16m55s39_8.jpeg 6 8 14 5 16 35 172 175 205 6 65 69 95 22 221 207 214 16 92 54 75 10 118 96 104
Y2015M05D14h16m55s39_9.jpeg 6 16 11 5 7 12 185 185 207 18 119 111 124 6 48 50 70 28 216 205 207 18 91 60 71
Y2015M05D15h12m02s15_1.jpeg 5 11 8 5 8 26 182 181 195 21 75 68 80 31 231 226 233 8 137 122 133
Y2015M05D15h12m02s15_2.jpeg 5 14 7 4 6 21 177 179 192 11 49 47 60 39 235 229 234 12 93 87 98
Y2015M05D15h12m02s15_3.jpeg 6 10 15 11 14 27 176 176 193 5 57 65 96 35 228 225 231 11 75 70 74 9 102 105 126
Y2015M05D15h12m02s15_4.jpeg 4 40 2 1 1 13 46 36 40 16 198 192 194 28 90 80 84
Y2015M05D15h12m02s15_5.jpeg 6 14 9 7 11 26 151 153 173 21 43 48 64 9 208 206 213 19 98 99 116 9 73 89 124
Y2015M05D15h12m02s15_6.jpeg 7 17 7 6 8 11 64 72 102 23 172 175 197 14 209 207 211 11 109 109 123 14 44 39 47 6 168 145 154
Y2015M05D15h12m02s15_7.jpeg 4 34 3 2 3 10 84 93 133 8 116 110 118 46 170 173 190
Y2015M05D15h12m02s15_8.jpeg 5 12 10 5 11 43 191 196 215 15 100 108 147 18 56 49 64 10 169 149 161
Y2015M05D15h17m26s23_1.jpeg 6 42 3 4 8 6 86 101 144 10 161 173 191 12 39 46 66 9 103 112 134 17 136 153 194
Y2015M05D15h17m26s23_2.jpeg 6 35 3 4 9 8 70 90 129 12 170 184 206 18 18 30 57 17 132 169 218 9 115 131 166
Y2015M05D15h17m26s23_3.jpeg 5 7 18 32 62 14 84 104 144 16 165 182 207 18 134 167 221 43 3 3 6
Y2015M05D15h17m26s23_4.jpeg 6 15 4 8 21 21 101 99 115 14 181 199 232 23 46 47 66 5 124 132 165 19 152 158 172
Y2015M05D15h17m26s23_5.jpeg 4 37 3 5 10 15 80 87 123 41 167 184 213 5 116 116 127
Y2015M05D15h18m13s54_1.jpeg 4 11 2 5 13 20 167 178 194 20 26 32 61 46 70 83 117
Y2015M05D15h18m13s54_10.jpeg 5 23 13 22 44 22 51 67 109 13 145 160 176 16 77 82 102 24 95 113 156
Y2015M05D15h18m13s54_2.jpeg 4 15 5 9 27 19 161 172 187 29 42 49 76 34 80 92 124
Y2015M05D15h18m13s54_3.jpeg 4 13 3 5 10 22 150 166 181 18 25 36 63 46 70 85 115
Y2015M05D15h18m13s54_4.jpeg 4 27 4 5 7 16 27 38 66 7 141 153 170 48 77 91 125
Y2015M05D15h18m13s54_5.jpeg 5 16 3 5 12 16 24 36 68 11 135 146 164 39 79 96 136 16 66 75 93
Y2015M05D15h18m13s54_6.jpeg 5 14 5 8 21 31 36 45 73 17 139 148 164 19 78 83 104 17 80 97 136
Y2015M05D15h18m13s54_7.jpeg 6 12 4 7 16 15 136 144 161 20 25 32 64 23 56 71 111 17 75 79 102 11 99 117 158
Y2015M05D15h18m13s54_8.jpeg 6 10 3 8 16 16 21 31 65 11 148 162 176 24 58 75 119 14 77 84 107 23 103 122 165
Y2015M05D15h18m13s54_9.jpeg 6 15 19 28 58 24 56 72 114 12 144 159 177 15 74 81 101 23 100 119 162 8 1 6 19
Y2015M05D18h12m49s45_1.jpeg 4 29 5 4 3 6 96 71 65 54 240 231 227 9 163 139 132
Y2015M05D18h12m49s45_2.jpeg 4 35 5 3 3 2 99 80 77 55 244 237 234 6 176 155 153
Y2015M05D18h13m35s33_1.jpeg 5 25 3 2 2 28 153 127 124 11 202 190 197 22 246 243 241 12 233 201 196
Y2015M05D18h13m35s33_10.jpeg 5 24 4 2 2 47 200 201 229 4 118 105 113 14 49 40 46 9 168 162 166
Y2015M05D18h13m35s33_2.jpeg 6 3 9 9 10 6 113 111 128 21 153 124 117 21 245 242 241 27 198 198 216 20 159 147 161
Y2015M05D18h13m35s33_3.jpeg 5 21 3 3 3 40 175 172 187 5 79 74 88 14 246 245 243 17 146 121 120
Y2015M05D18h13m35s33_4.jpeg 6 14 6 4 4 37 179 177 194 21 247 245 241 5 114 97 92 8 55 49 57 13 165 146 141
Y2015M05D18h13m35s33_5.jpeg 5 20 5 4 4 36 180 179 195 18 247 243 240 16 149 131 124 8 63 55 63
Y2015M05D18h13m35s33_6.jpeg 5 25 5 4 4 14 136 119 110 18 245 241 236 34 180 177 190 6 61 56 62
Y2015M05D18h13m35s33_7.jpeg 6 28 6 4 5 11 124 107 103 22 179 179 199 7 244 241 237 12 59 52 56 16 162 155 157
Y2015M05D18h13m35s33_8.jpeg 6 26 6 4 4 15 121 103 98 13 166 156 155 24 163 158 181 16 47 42 46 3 248 246 240
Y2015M05D18h13m35s33_9.jpeg 6 24 5 3 5 8 110 94 94 46 155 151 170 4 163 149 144 13 48 43 48 2 244 240 241
Y2015M05D18h17m03s42_1.jpeg 5 21 6 5 8 19 100 115 144 36 168 166 181 11 117 108 123 12 56 47 62
Y2015M05D18h17m03s42_2.jpeg 5 33 3 2 4 17 101 88 96 31 49 40 51 9 145 135 146 7 184 183 189
Y2015M05D18h17m03s42_3.jpeg 5 48 3 2 4 14 99 114 136 17 173 174 183 12 42 35 46 7 117 107 119
Y2015M05D18h18m07s12_1.jpeg 5 6 7 10 35 26 154 165 194 26 199 206 224 33 51 54 82 7 96 97 125
Y2015M05D18h18m07s12_10.jpeg 4 15 5 5 12 11 113 120 144 53 170 182 202 19 49 54 80
Y2015M05D18h18m07s12_2.jpeg 5 10 6 6 13 8 114 120 145 26 204 206 218 19 54 56 81 34 157 174 201
Y2015M05D18h18m07s12_3.jpeg 5 15 4 4 9 8 115 124 154 19 50 52 82 28 191 195 210 28 167 186 217
Y2015M05D18h18m07s12_4.jpeg 4 15 5 5 10 10 133 139 164 23 53 55 81 50 184 195 216
Y2015M05D18h18m07s12_5.jpeg 6 15 5 5 10 6 112 119 147 29 196 202 216 12 46 50 78 26 164 184 213 9 149 155 171
Y2015M05D18h18m07s12_6.jpeg 4 8 5 7 16 10 120 130 156 38 51 54 80 42 174 185 207
Y2015M05D18h18m07s12_7.jpeg 4 21 4 5 8 25 148 159 185 31 47 52 76 21 198 201 212
Y2015M05D18h18m07s12_8.jpeg 4 12 6 6 13 10 113 118 144 55 174 186 206 22 48 52 75
Y2015M05D18h18m07s12_9.jpeg 6 17 5 5 8 10 124 135 156 26 174 180 191 16 43 48 75 10 213 227 242 19 158 178 207
Y2015M05D18h18m08s08_1.jpeg 5 11 4 4 7 28 198 198 209 18 66 71 99 23 113 121 153 17 161 172 211
Y2015M05D18h18m08s08_10.jpeg 5 9 6 7 14 32 115 123 160 20 63 68 100 20 184 188 200 18 172 181 218
Y2015M05D18h18m08s08_2.jpeg 4 9 4 5 10 20 80 87 118 21 197 200 216 48 144 153 190
Y2015M05D18h18m08s08_3.jpeg 6 6 7 8 19 27 195 195 206 15 63 75 108 17 155 167 202 27 108 118 149 5 81 75 92
Y2015M05D18h18m08s08_4.jpeg 5 4 9 12 33 34 115 122 159 26 162 172 212 26 63 70 103 8 183 181 198
Y2015M05D18h18m08s08_5.jpeg 5 7 5 6 12 25 169 180 221 13 70 78 113 27 191 193 208 26 120 130 167
Y2015M05D18h18m08s08_6.jpeg 6 5 10 12 25 17 161 173 212 35 66 74 104 15 198 198 209 18 108 120 158 8 139 141 162
Y2015M05D18h18m08s08_7.jpeg 6 12 6 6 11 18 120 130 163 25 66 76 106 24 187 186 197 8 97 90 101 10 167 178 214
Y2015M05D18h18m08s08_8.jpeg 6 6 5 5 10 33 148 157 196 10 37 44 76 9 183 186 199 35 78 87 124 4 98 95 112
Y2015M05D18h18m08s08_9.jpeg 5 8 7 7 18 25 187 189 200 29 70 78 111 25 148 156 195 11 114 103 119
Y2015M05D18h19m32s06_1.jpeg 5 5 3 7 22 18 190 202 226 12 38 47 78 18 136 145 176 45 76 87 123
Y2015M05D18h19m32s06_10.jpeg 6 23 3 4 7 9 45 55 86 17 181 198 219 6 113 151 196 12 127 136 161 30 75 93 130
Y2015M05D18h19m32s06_2.jpeg 5 9 4 7 15 18 189 201 224 10 33 41 71 17 136 143 172 45 76 86 120
Y2015M05D18h19m32s06_3.jpeg 4 9 16 18 40 20 138 143 173 52 71 80 115 18 187 205 226
Y2015M05D18h19m32s06_4.jpeg 5 16 3 3 8 18 190 202 226 7 34 40 73 16 129 137 168 40 70 84 119
Y2015M05D18h19m32s06_5.jpeg 5 10 3 6 14 19 187 201 225 10 32 40 69 16 132 140 171 42 70 84 120
Y2015M05D18h19m32s06_6.jpeg 5 6 4 8 25 23 184 197 218 11 43 49 81 15 140 150 182 43 75 90 125
Y2015M05D18h19m32s06_7.jpeg 6 21 3 5 10 7 32 43 71 8 124 161 210 19 177 194 216 12 117 127 152 30 76 93 130
Y2015M05D18h19m32s06_8.jpeg 6 14 4 5 9 19 182 196 219 10 41 49 79 8 109 141 183 34 78 94 132 13 125 134 160
Y2015M05D18h19m32s06_9.jpeg 5 16 4 5 11 25 181 194 215 7 50 58 86 21 126 135 163 28 75 94 131
Y2015M05D19h11m49s02_1.jpeg 3 17 7 4 3 4 161 154 155 77 238 234 233
Y2015M05D19h11m49s02_2.jpeg 4 10 10 5 4 3 108 91 90 65 241 239 239 19 178 171 169
Y2015M05D19h11m49s02_3.jpeg 6 10 6 3 2 4 67 58 61 51 238 234 232 13 188 171 171 13 145 154 175 5 113 106 109
Y2015M05D19h11m49s02_4.jpeg 5 13 7 5 5 3 81 81 90 63 231 229 229 8 153 141 139 11 144 154 169
Y2015M05D19h11m49s02_5.jpeg 5 19 6 4 4 2 88 100 112 63 239 234 233 10 191 180 176 4 136 140 145
Y2015M05D19h11m49s02_6.jpeg 5 10 9 4 4 3 64 65 83 10 167 151 149 67 231 226 225 8 120 131 152
Y2015M05D19h11m49s02_7.jpeg 6 9 5 4 2 2 92 85 90 62 241 239 239 12 196 186 185 6 146 158 181 5 143 136 142
Y2015M05D19h12m37s21_1.jpeg 6 21 4 4 3 6 53 52 62 40 241 238 240 12 181 169 173 11 132 143 168 7 106 94 95
Y2015M05D19h12m37s21_10.jpeg 7 21 5 4 6 9 118 135 162 15 190 186 195 5 52 53 65 33 244 244 244 6 159 128 126 8 105 91 94
Y2015M05D19h12m37s21_2.jpeg 6 11 7 6 7 40 242 241 243 8 56 55 67 14 123 135 154 15 191 182 185 9 117 106 108
Y2015M05D19h12m37s21_3.jpeg 6 30 2 2 2 7 57 55 63 37 242 239 240 11 176 168 173 6 124 104 101 6 109 117 132
Y2015M05D19h12m37s21_4.jpeg 6 8 7 6 6 42 244 242 243 10 112 119 136 18 191 180 187 10 62 57 62 8 129 110 111
Y2015M05D19h12m37s21_5.jpeg 7 16 5 4 5 8 56 56 64 41 240 238 240 7 182 159 162 8 126 143 167 10 111 97 98 8 161 162 170
Y2015M05D19h12m37s21_6.jpeg 8 25 3 2 2 6 46 44 51 11 201 197 205 8 138 138 147 7 138 109 109 29 244 245 246 3 221 191 193 7 89 89 97
Y2015M05D19h12m37s21_7.jpeg 7 8 10 9 13 41 240 241 243 11 103 119 143 15 179 175 186 4 47 54 81 9 89 87 94 9 140 161 197
Y2015M05D19h12m37s21_8.jpeg 7 9 7 5 8 47 236 233 236 5 134 151 193 9 57 56 70 11 164 145 148 7 107 88 94 8 123 130 151
Y2015M05D19h12m37s21_9.jpeg 6 8 13 10 14 41 244 242 244 11 70 70 83 11 134 130 141 9 117 93 93 16 195 184 191
Y2015M05D20h05m52s42_1.jpeg 4 8 5 7 10 47 191 201 219 21 74 86 115 22 126 138 165
Y2015M05D20h05m52s42_2.jpeg 3 7 6 7 12 56 164 176 195 35 85 95 118
Y2015M05D20h05m52s42_3.jpeg 4 9 3 5 10 50 158 170 191 8 44 54 77 31 89 100 125
Y2015M05D21h17m20s06_1.jpeg 4 11 4 8 18 19 175 184 200 52 65 70 92 15 112 121 145
Y2015M05D21h17m20s06_10.jpeg 4 19 4 6 13 54 67 70 91 11 178 183 200 15 112 118 138
Y2015M05D21h17m20s06_2.jpeg 4 15 3 5 12 18 175 182 203 23 52 53 80 42 84 94 119
Y2015M05D21h17m20s06_3.jpeg 4 12 4 6 17 13 185 190 212 53 69 73 98 20 115 129 156
Y2015M05D21h17m20s06_4.jpeg 5 10 5 7 18 11 190 199 221 21 54 47 74 43 73 84 111 13 126 133 157
Y2015M05D21h17m20s06_5.jpeg 4 15 5 6 11 19 179 191 214 24 50 48 75 40 82 93 118
Y2015M05D21h17m20s06_6.jpeg 4 9 6 8 22 17 184 190 212 58 61 66 89 15 106 117 143
Y2015M05D21h17m20s06_7.jpeg 4 19 4 5 12 12 181 191 208 45 64 66 89 22 126 124 145
Y2015M05D21h17m20s06_8.jpeg 3 9 7 10 20 19 163 171 190 71 68 76 97
Y2015M05D21h17m20s06_9.jpeg 4 22 3 4 8 49 65 71 93 15 180 188 206 12 113 120 142
Y2015M05D21h17m21s26_1.jpeg 5 12 3 4 10 25 100 112 155 9 36 36 71 32 69 73 107 19 174 183 214
Y2015M05D21h17m21s26_10.jpeg 4 12 4 6 17 10 179 184 212 60 67 70 99 16 119 122 155
Y2015M05D21h17m21s26_2.jpeg 4 9 4 6 15 12 178 182 215 58 64 69 103 19 108 113 155
Y2015M05D21h17m21s26_3.jpeg 4 6 7 7 27 14 184 187 220 60 60 62 95 18 109 115 157
Y2015M05D21h17m21s26_4.jpeg 5 10 3 4 11 21 186 193 227 22 54 42 78 30 74 82 115 15 121 129 171
Y2015M05D21h17m21s26_5.jpeg 4 13 4 4 16 19 185 190 220 51 61 64 94 16 109 115 156
Y2015M05D21h17m21s26_6.jpeg 4 25 3 4 10 46 63 68 99 12 130 136 175 15 184 191 219
Y2015M05D21h17m21s26_7.jpeg 4 69 1 1 2 17 66 66 100 6 123 136 178 6 183 192 222
Y2015M05D21h17m21s26_8.jpeg 4 30 4 4 9 42 68 71 103 14 180 186 213 12 119 125 162
Y2015M05D21h17m21s26_9.jpeg 4 17 5 6 13 14 125 133 168 56 70 72 103 10 180 187 215
Y2015M05D21h17m52s59_1.jpeg 5 11 34 28 66 22 154 163 210 28 192 210 238 15 117 134 152 22 85 77 121
Y2015M05D21h17m52s59_2.jpeg 6 20 4 5 14 8 128 130 164 9 27 23 63 34 195 209 233 15 78 72 114 11 168 178 218
Y2015M05D21h17m52s59_3.jpeg 5 14 34 28 68 19 151 170 222 38 182 195 227 11 116 128 155 15 81 74 117
Y2015M05D21h17m52s59_4.jpeg 5 7 9 9 39 12 153 179 235 35 187 201 229 29 71 58 97 15 123 128 167
Y2015M05D21h17m52s59_5.jpeg 6 7 2 6 21 25 157 187 241 34 185 198 228 9 29 26 70 9 126 132 176 13 76 69 115
Y2015M05D21h17m52s59_6.jpeg 6 9 3 5 16 27 156 189 241 31 182 198 225 10 30 29 71 9 125 130 170 11 76 73 119
Y2015M05D21h17m52s59_7.jpeg 6 7 6 6 27 25 159 190 240 10 39 32 73 9 124 128 168 31 186 199 228 14 85 66 108
Y2015M05D22h11m53s45_1.jpeg 8 11 7 5 6 26 235 229 232 12 238 174 144 6 107 72 71 18 245 161 115 7 138 83 61 8 244 214 202 7 160 126 121
Y2015M05D22h11m53s45_10.jpeg 8 15 5 3 4 11 243 169 131 10 92 91 120 7 159 134 138 12 85 63 66 26 245 153 103 7 121 61 47 8 237 214 213
Y2015M05D22h11m53s45_2.jpeg 8 5 17 7 8 6 119 65 46 24 234 213 209 6 147 121 117 29 249 164 117 10 230 176 152 13 76 65 66 3 169 80 45
Y2015M05D22h11m53s45_3.jpeg 7 4 24 12 10 6 141 85 63 25 233 215 211 35 247 167 119 11 82 63 62 5 206 113 74 11 224 178 163
Y2015M05D22h11m53s45_4.jpeg 7 10 35 19 21 5 156 78 47 21 232 214 209 9 95 92 121 15 241 173 131 11 153 123 120 25 247 157 106
Y2015M05D22h11m53s45_5.jpeg 7 12 11 4 5 17 224 199 192 9 231 167 138 6 99 97 128 10 105 90 96 36 246 156 105 7 139 96 87
Y2015M05D22h11m53s45_6.jpeg 7 15 9 4 4 11 236 208 202 5 156 78 53 19 87 73 75 10 239 172 137 9 161 133 127 27 249 159 110
Y2015M05D22h11m53s45_7.jpeg 8 10 15 5 7 12 241 169 129 9 232 200 199 7 95 94 120 7 109 49 35 26 241 149 101 16 79 64 69 8 144 116 121
Y2015M05D22h11m53s45_8.jpeg 6 5 15 4 6 10 234 199 193 44 244 157 110 22 81 61 67 7 116 54 38 8 136 108 109
Y2015M05D22h11m53s45_9.jpeg 7 13 7 4 5 35 248 165 115 17 79 67 72 7 228 194 188 6 100 45 31 9 208 115 72 9 121 90 90
Y2015M05D22h17m07s17_1.jpeg 5 21 16 25 54 25 185 198 223 24 56 67 98 12 103 113 146 15 3 5 16
Y2015M05D22h17m07s17_10.jpeg 4 12 3 9 27 23 90 105 128 46 35 46 69 17 155 173 192
Y2015M05D22h17m07s17_2.jpeg 4 18 3 8 22 19 166 177 202 33 35 48 77 28 92 102 134
Y2015M05D22h17m07s17_3.jpeg 4 20 3 5 18 27 84 94 124 22 166 176 198 30 27 37 65
Y2015M05D22h17m07s17_4.jpeg 4 17 2 8 27 29 85 95 125 20 166 177 200 32 31 41 66
Y2015M05D22h17m07s17_5.jpeg 4 30 3 6 15 17 169 180 200 32 35 45 73 20 94 103 134
Y2015M05D22h17m07s17_6.jpeg 4 19 5 11 32 16 165 180 196 46 39 50 78 17 95 103 132
Y2015M05D22h17m07s17_7.jpeg 4 9 4 12 32 16 160 178 199 53 43 55 82 19 94 103 136
Y2015M05D22h17m07s17_8.jpeg 4 12 3 9 27 21 167 181 204 37 33 45 70 28 82 92 122
Y2015M05D22h17m07s17_9.jpeg 4 25 3 7 22 21 83 97 123 21 163 177 199 30 27 38 61
Y2015M05D22h20m06s52_10.jpeg 6 19 3 11 29 5 102 136 196 5 24 48 94 7 119 135 159 43 38 53 78 17 178 196 217
Y2015M05D22h20m06s52_4.jpeg 5 17 3 7 24 5 86 106 152 41 32 46 80 27 181 199 227 8 129 145 177
Y2015M05D22h20m06s52_5.jpeg 5 13 3 8 31 4 112 140 197 41 35 49 84 29 181 201 232 11 107 124 160
Y2015M05D22h20m06s52_6.jpeg 6 15 2 8 32 11 120 158 227 23 184 203 230 31 31 48 82 9 82 100 146 8 133 150 190
Y2015M05D22h20m06s52_7.jpeg 5 17 4 9 30 3 86 113 160 40 35 47 81 29 180 201 228 8 127 143 177
Y2015M05D22h20m06s52_8.jpeg 5 14 2 7 29 4 117 155 217 44 34 48 81 25 182 201 229 10 115 133 168
Y2015M05D22h20m06s52_9.jpeg 5 15 3 11 32 6 104 141 205 8 120 135 165 49 34 49 78 20 178 195 221
Y2015M05D22h20m46s49_1.jpeg 4 8 4 3 21 23 192 190 222 57 45 42 67 10 108 103 130
Y2015M05D22h20m46s49_10.jpeg 6 13 5 5 13 12 81 74 87 51 35 33 50 10 180 184 204 9 134 121 139 2 126 134 121
Y2015M05D22h20m46s49_2.jpeg 4 6 10 7 30 10 128 110 134 76 49 44 67 6 170 160 188
Y2015M05D22h20m46s49_3.jpeg 5 39 2 2 4 5 128 148 201 25 40 41 60 21 179 184 213 7 98 95 124
Y2015M05D22h20m46s49_4.jpeg 6 8 5 7 18 5 136 134 163 5 79 79 111 54 41 40 58 8 105 109 113 17 181 180 204
Y2015M05D22h20m46s49_5.jpeg 5 19 5 5 10 10 86 84 106 41 38 38 57 22 176 179 203 6 131 132 144
Y2015M05D22h20m46s49_6.jpeg 5 19 5 5 12 6 134 130 154 42 36 36 58 10 82 80 101 20 180 183 207
Y2015M05D22h20m46s49_7.jpeg 4 10 8 7 22 17 119 113 134 53 45 45 65 18 180 179 202
Y2015M05D22h20m46s49_8.jpeg 4 8 7 8 21 14 120 111 129 61 43 42 61 15 181 182 205
Y2015M05D22h20m46s49_9.jpeg 5 14 10 9 19 12 120 110 129 14 178 180 204 51 41 38 55 6 116 117 110
Y2015M05D26h16m31s03_1.jpeg 4 11 5 10 19 23 136 153 181 41 70 80 95 24 183 196 211
Y2015M05D26h16m31s03_2.jpeg 4 16 5 9 19 19 123 137 161 43 69 80 98 20 179 192 207
Y2015M05D26h16m31s03_3.jpeg 5 11 6 11 24 6 147 163 201 55 69 80 95 16 184 194 210 9 134 142 161
Y2015M05D26h16m31s03_4.jpeg 4 16 4 8 16 12 112 125 140 54 67 78 91 15 168 179 195
Y2015M05D26h16m31s03_5.jpeg 4 20 2 5 9 8 31 42 54 18 139 154 173 53 69 79 90
Y2015M05D26h16m31s03_6.jpeg 5 17 4 8 15 57 66 76 88 4 147 168 203 11 157 171 182 9 107 116 129
Y2015M05D27h17m18s01_1.jpeg 7 21 3 4 11 9 19 30 76 16 155 184 238 19 180 199 224 10 95 106 154 12 108 111 136 8 40 45 70
Y2015M05D27h17m18s01_2.jpeg 6 6 2 7 17 14 94 116 167 20 168 185 217 8 15 35 77 29 56 74 109 21 147 178 241
Y2015M05D27h17m18s01_3.jpeg 7 4 3 9 27 12 104 129 182 23 166 192 232 6 13 35 81 11 57 76 107 33 149 180 243 7 46 72 128
Y2015M05D27h17m18s01_4.jpeg 8 17 3 4 9 16 144 173 241 16 163 187 236 6 53 75 133 7 10 25 64 12 157 172 200 16 47 64 94 8 97 118 163
Y2015M05D27h18m25s23_1.jpeg 5 18 6 6 14 16 100 101 122 29 51 47 73 12 153 158 174 22 79 40 71
Y2015M05D27h18m25s23_10.jpeg 5 8 6 7 18 42 82 37 70 11 112 116 136 28 49 49 77 8 169 180 199
Y2015M05D27h18m25s23_2.jpeg 5 14 6 6 18 24 102 103 123 16 79 36 70 14 157 166 184 29 49 41 69
Y2015M05D27h18m25s23_3.jpeg 5 16 10 8 20 21 106 105 124 28 74 37 68 19 43 46 71 14 161 168 187
Y2015M05D27h18m25s23_4.jpeg 5 15 8 4 15 23 111 111 132 17 83 39 72 19 164 173 191 23 49 43 69
Y2015M05D27h18m25s23_5.jpeg 5 11 8 6 20 15 91 89 112 30 82 38 71 25 145 149 169 17 42 39 65
Y2015M05D27h18m25s23_6.jpeg 4 14 5 3 11 26 144 144 164 30 80 33 66 28 51 53 76
Y2015M05D27h18m25s23_7.jpeg 5 18 4 3 10 14 111 110 134 34 81 38 70 12 48 51 79 20 155 162 182
Y2015M05D27h18m25s23_8.jpeg 5 14 5 4 8 14 105 104 128 30 86 40 74 19 52 46 73 21 153 157 178
Y2015M05D27h18m25s23_9.jpeg 5 15 5 5 15 15 110 110 132 25 82 40 71 23 49 49 74 21 160 173 191
Y2015M05D28h12m09s31_1.jpeg 5 11 12 6 7 15 163 152 157 18 54 44 50 39 226 216 217 14 96 86 90
Y2015M05D28h12m09s31_10.jpeg 7 37 7 4 5 10 211 209 214 29 55 48 52 6 211 181 174 9 127 118 119 4 106 72 62 1 223 177 140
Y2015M05D28h12m09s31_2.jpeg 5 12 13 6 7 20 174 161 164 27 64 56 63 24 231 220 216 13 116 105 108
Y2015M05D28h12m09s31_3.jpeg 5 6 19 9 13 13 128 119 127 28 231 212 205 35 63 56 63 16 188 182 195
Y2015M05D28h12m09s31_4.jpeg 6 17 9 5 5 9 158 154 161 27 60 52 59 28 229 218 217 9 187 167 158 7 109 96 97
Y2015M05D28h12m09s31_5.jpeg 4 23 10 6 5 19 127 113 116 43 67 58 63 13 189 177 180
Y2015M05D28h12m09s31_6.jpeg 6 11 12 8 8 10 170 167 174 37 229 224 222 21 57 51 57 8 166 145 136 10 102 93 96
Y2015M05D28h12m09s31_7.jpeg 5 11 9 5 4 11 119 113 126 34 57 51 54 35 207 197 201 7 145 127 122
Y2015M05D28h12m09s31_8.jpeg 4 31 5 3 4 45 59 52 57 12 120 113 117 9 195 193 198
Y2015M05D28h12m09s31_9.jpeg 5 17 7 5 6 16 126 124 133 36 210 205 209 20 59 54 60 8 174 154 145
Y2015M05D28h12m32s56_1.jpeg 7 10 11 4 4 17 168 136 128 12 105 107 146 38 236 213 207 7 77 68 98 7 127 111 133 5 84 59 69
Y2015M05D28h12m32s56_2.jpeg 5 30 94 92 126 17 177 146 140 2 26 10 11 39 235 211 203 10 104 88 101
Y2015M05D28h12m32s56_3.jpeg 6 16 9 3 4 33 234 214 208 12 73 71 102 9 95 75 84 17 119 114 153 10 141 116 115
Y2015M05D28h12m32s56_4.jpeg 5 8 11 6 9 35 235 216 208 34 96 93 128 9 100 79 86 10 159 132 125
Y2015M05D28h12m32s56_5.jpeg 6 7 11 5 4 14 190 158 155 20 117 114 149 35 237 215 209 13 86 81 100 7 131 108 123
Y2015M05D28h12m32s56_6.jpeg 6 43 2 1 1 12 98 99 135 19 226 205 199 5 75 53 58 13 125 95 90 6 125 116 135
Y2015M05D28h13m14s01_1.jpeg 6 25 8 4 4 7 187 176 187 33 70 57 61 11 127 110 117 15 243 232 242 5 203 164 167
Y2015M05D28h13m14s01_10.jpeg 8 7 16 5 7 17 182 167 185 7 84 67 84 23 240 232 243 11 167 134 128 10 118 90 89 11 237 213 205 9 73 46 47
Y2015M05D28h13m14s01_3.jpeg 7 34 4 2 3 15 45 29 33 6 200 186 200 7 144 124 139 10 134 98 98 15 83 65 69 8 243 236 246
Y2015M05D28h13m14s01_4.jpeg 6 11 26 8 13 10 170 156 172 14 102 86 95 28 241 232 241 30 61 42 45 4 219 181 183
Y2015M05D28h13m14s01_5.jpeg 6 11 15 4 7 26 236 221 231 29 52 35 39 13 115 102 116 8 99 66 68 10 174 150 159
Y2015M05D28h13m14s01_6.jpeg 8 13 8 4 7 9 215 189 198 21 62 52 61 9 126 115 125 18 47 21 25 4 157 120 116 13 245 237 247 9 89 56 58
Y2015M05D28h13m14s01_7.jpeg 5 43 50 30 33 11 151 134 154 23 236 227 240 12 114 80 78 9 216 175 171
Y2015M05D28h13m14s01_8.jpeg 5 41 58 33 37 10 166 148 165 29 239 231 241 9 127 89 87 8 223 176 170
Y2015M05D28h13m14s01_9.jpeg 7 6 21 7 11 15 183 167 183 16 79 58 66 32 243 233 242 12 58 23 21 8 128 91 86 6 228 189 186
Y2015M05D28h15m50s25_1.jpeg 5 42 4 3 5 10 101 80 89 17 182 182 201 14 222 214 220 14 133 121 139
Y2015M05D28h15m50s25_10.jpeg 6 15 7 4 9 42 194 204 241 3 89 78 98 14 209 211 225 10 166 145 153 12 153 156 184
Y2015M05D28h15m50s25_2.jpeg 4 27 5 4 6 4 88 84 94 50 191 197 223 18 143 138 160
Y2015M05D28h15m50s25_3.jpeg 5 29 3 3 6 7 124 115 129 37 195 205 234 20 160 162 181 4 34 31 44
Y2015M05D28h15m50s25_4.jpeg 4 30 6 5 7 4 84 76 94 49 188 195 222 15 148 139 155
Y2015M05D28h15m50s25_5.jpeg 4 33 5 4 6 6 71 66 82 40 187 195 222 20 138 139 157
Y2015M05D28h15m50s25_6.jpeg 6 18 7 5 9 31 194 206 239 5 74 65 81 13 205 204 217 12 159 138 146 17 148 149 171
Y2015M05D28h15m50s25_7.jpeg 6 15 6 4 7 38 195 204 237 4 98 89 102 10 213 208 215 14 153 127 131 16 151 150 171
Y2015M05D28h15m50s25_8.jpeg 6 27 6 4 7 33 184 193 224 4 97 80 86 8 57 67 99 14 211 209 214 11 148 130 139
Y2015M05D28h15m50s25_9.jpeg 6 50 2 1 3 3 76 67 86 8 209 209 223 8 151 155 182 6 157 143 153 21 193 203 238
Y2015M05D28h16m42s39_1.jpeg 3 69 20 18 23 18 96 91 95 11 155 149 152
Y2015M05D28h16m42s39_2.jpeg 4 19 7 4 7 19 96 85 90 52 32 30 37 7 151 141 144
Y2015M05D28h16m42s39_3.jpeg 4 61 22 16 24 20 115 103 109 6 165 156 159 11 60 53 58
Y2015M05D28h16m42s39_4.jpeg 4 66 15 16 22 6 46 56 71 7 162 166 169 19 88 89 94
Y2015M05D28h16m42s39_5.jpeg 4 65 21 20 29 4 58 65 82 10 164 166 166 19 98 97 99
Y2015M05D28h16m42s39_6.jpeg 3 64 22 22 29 23 85 84 89 11 151 151 147
Y2015M05D28h16m42s39_7.jpeg 4 64 18 19 25 8 95 111 131 7 146 148 146 19 79 80 82
Y2015M05D28h19m46s20_1.jpeg 7 17 28 43 86 21 81 143 205 11 121 139 176 21 5 7 13 8 175 207 241 6 89 89 115 12 179 192 210
Y2015M05D28h19m46s20_10.jpeg 5 16 30 48 85 25 78 146 210 7 116 130 160 27 2 3 6 22 176 198 227
Y2015M05D28h19m46s20_2.jpeg 6 14 26 44 84 21 65 139 205 6 130 143 165 24 3 4 9 23 187 207 235 9 99 144 194
Y2015M05D28h19m46s20_3.jpeg 8 10 5 9 21 15 70 145 213 9 89 114 156 14 31 43 84 17 191 209 233 7 93 89 118 15 140 151 181 10 119 169 223
Y2015M05D28h19m46s20_4.jpeg 8 10 5 8 22 17 73 145 211 9 108 129 170 12 31 48 90 19 189 204 229 13 139 142 169 9 70 72 100 8 133 180 234
Y2015M05D28h19m46s20_5.jpeg 6 5 2 8 28 23 188 206 233 26 70 143 214 19 35 55 96 11 120 171 226 13 104 126 161
Y2015M05D28h19m46s20_6.jpeg 6 5 1 5 21 12 154 172 214 34 80 149 214 18 28 47 88 19 192 209 233 10 77 107 151
Y2015M05D28h19m46s20_7.jpeg 7 17 28 46 86 10 58 119 173 13 120 136 165 11 2 4 16 17 187 203 229 9 129 171 223 19 80 153 221
Y2015M05D28h19m46s20_8.jpeg 7 12 4 5 17 9 58 117 174 9 41 46 79 31 177 188 217 9 136 169 219 15 111 112 140 12 83 158 230
Y2015M05D28h19m46s20_9.jpeg 6 32 80 147 215 8 84 108 149 20 29 46 85 12 4 6 15 17 186 200 224 9 132 146 178
Y2015M05D28h20m23s19_1.jpeg 5 23 3 5 10 15 127 129 154 11 24 25 48 26 185 196 215 23 65 67 93
Y2015M05D28h20m23s19_10.jpeg 4 13 3 6 16 29 183 196 219 37 53 55 82 19 112 115 141
Y2015M05D28h20m23s19_2.jpeg 4 19 3 6 19 21 111 118 140 27 52 55 81 31 181 191 210
Y2015M05D28h20m23s19_3.jpeg 4 15 6 9 23 25 114 119 145 31 56 60 87 27 177 185 206
Y2015M05D28h20m23s19_4.jpeg 4 17 3 4 10 32 169 177 199 22 35 40 66 27 81 85 114
Y2015M05D28h20m23s19_5.jpeg 4 28 4 6 10 22 178 187 207 31 58 61 90 17 113 116 143
Y2015M05D28h20m23s19_6.jpeg 4 13 4 5 10 20 132 132 158 40 63 65 93 25 182 193 214
Y2015M05D28h20m23s19_7.jpeg 5 15 4 6 13 12 141 146 171 26 52 52 80 19 94 97 123 25 185 199 219
Y2015M05D28h20m23s19_8.jpeg 4 14 5 8 18 30 181 193 215 35 54 54 80 20 114 114 140
Y2015M05D28h20m23s19_9.jpeg 5 13 3 5 14 17 151 151 175 23 43 42 68 22 190 201 220 22 78 83 111
Y2015M05D29h12m32s41_1.jpeg 4 20 12 5 7 30 226 211 213 32 75 72 80 16 110 126 143
Y2015M05D29h12m32s41_10.jpeg 7 21 4 2 2 6 180 164 161 18 59 51 57 13 77 90 101 8 102 80 81 21 235 220 216 8 122 144 155
Y2015M05D29h12m32s41_2.jpeg 5 10 11 8 10 26 239 228 228 17 102 128 147 13 175 158 158 32 64 66 78
Y2015M05D29h12m32s41_3.jpeg 7 12 6 5 4 13 191 167 165 10 116 140 155 11 69 82 94 24 237 224 223 14 103 88 93 13 62 49 53
Y2015M05D29h12m32s41_4.jpeg 7 6 10 5 4 7 192 175 173 11 57 55 63 14 102 88 90 12 122 146 158 34 240 225 221 13 80 93 104
Y2015M05D29h12m32s41_5.jpeg 6 12 8 4 3 43 232 218 216 13 62 58 66 9 82 96 111 11 105 91 90 9 124 147 163
Y2015M05D29h12m32s41_6.jpeg 6 9 7 3 3 38 233 219 217 13 65 83 94 14 116 142 156 7 117 104 104 15 65 57 63
Y2015M05D29h12m32s41_7.jpeg 5 25 7 4 4 6 178 162 162 19 60 63 71 10 111 140 154 37 237 226 223
Y2015M05D29h12m32s41_8.jpeg 5 22 6 5 4 7 188 172 170 23 61 67 74 13 106 138 154 34 238 227 224
Y2015M05D29h12m32s41_9.jpeg 4 14 8 7 7 48 232 218 216 22 68 69 80 14 103 134 148
Y2015M05D29h15m07s12_1.jpeg 6 4 4 4 10 33 157 166 205 30 202 208 226 8 57 39 72 14 135 127 152 10 88 77 98
Y2015M05D29h15m07s12_10.jpeg 6 13 5 5 9 22 167 180 222 25 197 205 224 10 68 48 78 17 144 142 173 10 99 90 112
Y2015M05D29h15m07s12_2.jpeg 5 5 17 12 33 40 158 166 203 23 201 210 225 15 118 112 133 15 70 61 88
Y2015M05D29h15m07s12_3.jpeg 5 3 14 8 32 37 156 162 199 20 201 211 233 20 117 110 136 17 70 56 85
Y2015M05D29h15m07s12_4.jpeg 5 5 35 24 54 37 153 162 203 27 195 205 229 15 82 69 98 13 133 123 148
Y2015M05D29h15m07s12_5.jpeg 6 5 16 11 30 23 144 148 183 20 195 198 215 18 73 58 86 19 180 195 235 13 117 108 132
Y2015M05D29h15m07s12_6.jpeg 6 8 7 6 14 35 162 170 209 22 195 199 214 6 71 37 84 14 124 117 141 13 73 63 89
Y2015M05D29h15m07s12_7.jpeg 5 6 9 6 20 24 126 123 151 16 197 200 213 19 72 56 80 33 174 185 220
Y2015M05D29h15m07s12_8.jpeg 7 6 28 18 47 26 151 158 197 16 194 195 208 13 125 114 135 18 190 208 242 7 89 87 122 11 78 55 83
Y2015M05D29h15m07s12_9.jpeg 5 6 8 6 15 34 157 169 207 29 195 204 225 14 74 56 87 14 122 115 138
Y2015M05D29h16m33s18_1.jpeg 4 13 6 8 18 19 132 150 184 28 75 83 107 38 182 192 216
Y2015M05D29h16m33s18_2.jpeg 4 28 4 5 10 7 61 66 93 50 174 189 214 14 108 117 144
Y2015M05D29h16m33s18_3.jpeg 6 26 4 5 12 8 71 83 116 22 161 182 219 21 189 197 215 16 122 135 164 4 80 81 95
Y2015M05D29h16m33s18_4.jpeg 6 3 3 7 17 42 150 171 211 19 90 71 67 14 114 118 135 13 62 63 77 6 189 206 225
Y2015M05D29h16m33s18_5.jpeg 5 12 5 8 17 37 145 163 194 13 196 224 246 9 39 51 72 26 93 101 116
Y2015M05D29h16m33s18_6.jpeg 6 8 4 6 15 35 150 175 212 9 23 36 56 11 139 145 164 15 83 65 66 19 76 80 95
Y2015M05D29h16m33s18_7.jpeg 7 20 3 4 9 30 148 173 215 11 25 38 60 8 133 142 160 8 83 69 75 12 79 88 105 8 178 199 222
Y2015M05D29h16m33s18_8.jpeg 7 23 4 5 9 32 144 174 212 9 24 34 52 7 170 186 206 6 87 70 72 10 72 82 103 10 115 126 148
Y2015M05D29h17m11s29_1.jpeg 6 8 22 9 42 6 93 97 129 8 85 45 84 34 202 202 230 14 160 152 189 27 141 79 121
Y2015M05D29h17m11s29_10.jpeg 6 18 4 4 12 12 123 120 152 28 134 71 112 7 51 59 92 24 186 194 220 8 59 32 70
Y2015M05D29h17m11s29_2.jpeg 7 21 4 4 12 10 103 109 137 15 145 77 122 12 45 54 89 28 188 192 221 7 86 45 89 5 155 121 163
Y2015M05D29h17m11s29_3.jpeg 7 9 5 7 20 26 190 197 226 13 127 80 119 11 45 36 74 11 142 128 166 19 151 76 119 8 72 75 115
Y2015M05D29h17m11s29_4.jpeg 6 27 3 3 6 9 61 71 112 23 191 199 225 22 138 73 116 7 147 123 162 9 57 38 77
Y2015M05D29h17m11s29_5.jpeg 6 19 4 4 12 7 53 29 68 29 136 71 113 11 137 133 162 24 190 197 221 7 74 76 103
Y2015M05D29h17m11s29_6.jpeg 5 24 6 6 14 12 71 51 84 24 142 76 118 28 199 200 223 10 123 113 144
Y2015M05D29h17m11s29_7.jpeg 7 17 5 6 11 4 161 158 192 26 139 71 113 7 42 30 64 13 109 79 118 10 61 70 110 19 191 202 225
Y2015M05D29h17m11s29_8.jpeg 6 9 4 5 16 21 181 187 212 35 133 71 115 11 59 69 109 8 119 108 143 13 53 39 73
Y2015M05D29h17m11s29_9.jpeg 6 10 4 5 13 21 183 194 218 32 132 68 107 14 46 59 94 11 120 112 143 9 47 29 65
Y2015M06D02h17m27s24_1.jpeg 5 13 3 7 21 9 138 148 187 24 47 53 81 28 88 98 131 23 155 163 180
Y2015M06D02h17m27s24_10.jpeg 7 12 5 9 22 13 156 184 234 15 105 106 124 11 63 77 111 17 155 165 180 17 31 37 61 11 108 124 165
Y2015M06D02h17m27s24_2.jpeg 5 20 6 9 24 27 58 64 89 25 91 105 138 18 149 158 176 8 140 155 197
Y2015M06D02h17m27s24_3.jpeg 6 15 2 5 10 9 16 27 54 13 81 104 143 21 60 73 98 15 138 149 163 23 125 144 179
Y2015M06D02h17m27s24_4.jpeg 7 15 3 3 7 8 9 26 56 25 130 138 158 17 99 124 170 9 84 87 107 10 146 169 209 13 47 67 104
Y2015M06D02h17m27s24_5.jpeg 6 19 4 4 7 12 15 23 54 21 153 173 214 15 123 126 143 20 79 98 134 10 60 63 89
Y2015M06D02h17m27s24_6.jpeg 5 16 3 3 7 5 11 31 70 32 141 167 214 24 134 143 166 21 82 98 134
Y2015M06D02h17m27s24_7.jpeg 6 12 3 4 8 9 27 47 88 16 107 138 191 16 129 138 159 27 157 179 226 17 72 94 134
Y2015M06D02h17m27s24_8.jpeg 6 21 4 5 8 7 20 43 81 22 140 168 217 23 154 171 195 18 71 96 140 5 98 104 125
Y2015M06D02h17m27s24_9.jpeg 7 9 2 4 10 21 94 115 163 16 123 131 159 13 23 40 74 15 159 181 230 13 65 76 104 10 160 168 183
Y2015M06D02h18m24s50_1.jpeg 5 30 5 5 11 7 65 73 114 26 186 199 227 20 160 156 217 14 110 126 158
Y2015M06D02h18m24s50_10.jpeg 6 25 3 5 10 5 62 68 109 17 166 174 215 28 160 153 221 13 186 197 219 9 109 114 153
Y2015M06D02h18m24s50_2.jpeg 6 22 3 3 7 4 37 49 86 26 186 199 233 22 156 154 218 15 89 99 139 8 132 144 180
Y2015M06D02h18m24s50_3.jpeg 5 25 2 4 9 7 44 57 92 28 184 196 225 17 160 157 220 20 105 117 157
Y2015M06D02h18m24s50_4.jpeg 5 16 2 3 9 5 27 41 76 25 178 191 221 28 154 152 217 23 87 100 137
Y2015M06D02h18m24s50_5.jpeg 5 25 2 3 6 5 52 62 103 24 176 187 218 22 157 157 220 22 105 117 159
Y2015M06D02h18m24s50_6.jpeg 5 23 2 2 6 8 31 43 79 16 176 187 216 20 157 153 220 31 102 116 155
Y2015M06D02h18m24s50_7.jpeg 5 23 3 5 8 6 50 61 97 18 169 178 211 29 157 152 220 21 103 113 152
Y2015M06D02h18m24s50_8.jpeg 5 18 3 5 13 8 51 63 98 20 173 184 213 32 155 154 219 19 101 116 154
Y2015M06D02h18m24s50_9.jpeg 5 10 3 5 14 9 42 54 92 27 174 186 216 26 155 152 219 26 99 115 153
Y2015M06D03h12m54s13_1.jpeg 8 15 10 4 5 11 19 41 68 15 157 142 151 14 91 76 79 13 96 136 174 7 219 207 210 14 69 93 124 8 146 176 206
Y2015M06D03h12m54s13_10.jpeg 7 28 105 167 215 11 38 43 69 11 217 177 186 12 73 95 132 11 29 20 25 12 162 160 195 10 67 41 42
Y2015M06D03h12m54s13_2.jpeg 8 21 40 65 99 10 74 116 159 7 186 171 179 10 17 17 38 14 71 68 85 11 145 180 215 11 116 105 110 13 103 117 146
Y2015M06D03h12m54s13_3.jpeg 7 11 20 6 10 13 33 55 85 12 136 132 150 30 75 58 60 12 94 135 175 11 203 168 163 9 143 189 228
Y2015M06D03h12m54s13_4.jpeg 5 2 4 4 5 34 97 150 191 33 60 65 76 8 150 155 180 20 39 71 103
Y2015M06D03h12m54s13_5.jpeg 4 19 7 4 4 19 48 75 105 48 54 51 56 11 90 138 179
Y2015M06D03h12m54s13_6.jpeg 6 9 8 6 10 29 31 57 89 39 49 47 58 10 79 120 159 6 132 177 219 4 131 130 155
Y2015M06D03h12m54s13_7.jpeg 6 31 33 56 87 10 96 119 157 23 36 25 29 9 182 170 195 19 78 71 86 5 135 177 222
Y2015M06D03h12m54s13_8.jpeg 6 11 38 76 118 11 29 32 54 11 202 167 173 28 108 168 216 25 51 28 31 12 122 127 151
Y2015M06D03h12m54s13_9.jpeg 8 7 18 52 94 17 30 24 35 12 217 179 187 13 85 137 188 15 59 24 24 6 158 179 214 7 75 92 120 18 117 183 232
Y2015M06D03h16m51s43_1.jpeg 6 18 6 4 5 16 190 191 216 11 66 58 75 32 230 226 233 10 111 97 110 8 161 145 157
Y2015M06D03h16m51s43_10.jpeg 4 14 10 4 6 11 118 104 113 63 204 206 222 10 172 160 168
Y2015M06D03h16m51s43_2.jpeg 4 12 8 5 6 6 128 114 126 50 233 231 237 29 182 174 190
Y2015M06D03h16m51s43_3.jpeg 4 26 5 3 4 12 137 122 129 28 229 225 231 32 191 192 219
Y2015M06D03h16m51s43_4.jpeg 4 17 7 5 6 26 187 188 211 43 230 225 232 12 154 139 143
Y2015M06D03h16m51s43_5.jpeg 5 24 6 5 6 7 132 117 124 39 231 230 240 5 180 165 172 23 187 188 214
Y2015M06D03h16m51s43_6.jpeg 5 6 9 6 6 11 151 140 157 31 225 218 225 19 81 73 91 30 203 205 232
Y2015M06D03h16m51s43_7.jpeg 5 2 8 8 10 30 194 197 223 34 226 223 232 13 133 118 133 19 72 65 82
Y2015M06D03h16m51s43_8.jpeg 4 11 9 5 6 12 138 123 129 41 231 226 233 34 191 192 215
Y2015M06D03h16m51s43_9.jpeg 6 19 8 4 5 3 51 46 62 28 189 192 216 31 220 212 219 10 160 148 153 7 112 100 106
Y2015M06D03h17m11s45_1.jpeg 5 24 14 7 11 10 98 88 90 16 210 197 201 19 145 133 135 28 52 45 53
Y2015M06D03h17m11s45_10.jpeg 4 33 6 3 4 19 134 124 126 29 57 49 56 17 205 194 199
Y2015M06D03h17m11s45_2.jpeg 4 29 12 7 11 26 204 193 199 14 125 112 120 29 56 47 56
Y2015M06D03h17m11s45_3.jpeg 4 28 9 5 7 19 128 117 119 29 204 192 196 21 54 43 52
Y2015M06D03h17m11s45_4.jpeg 4 17 13 6 9 15 123 107 112 26 54 44 51 40 197 182 187
Y2015M06D03h17m11s45_5.jpeg 5 26 9 4 8 15 149 133 141 25 45 36 45 21 208 198 203 10 89 75 83
Y2015M06D03h17m11s45_6.jpeg 5 21 9 5 8 16 150 138 144 28 49 42 48 22 206 196 200 10 95 83 89
Y2015M06D03h17m11s45_7.jpeg 4 30 9 6 7 10 134 120 124 34 57 48 56 24 195 182 185
Y2015M06D03h17m11s45_8.jpeg 4 30 10 6 8 15 129 117 121 22 197 185 191 31 59 50 58
Y2015M06D03h17m11s45_9.jpeg 4 23 9 4 7 9 121 108 115 33 54 46 57 32 194 181 186
Y2015M06D03h17m12s33_1.jpeg 6 16 6 4 5 26 201 191 196 5 41 40 65 13 91 78 85 31 135 123 130 7 80 85 114
Y2015M06D03h17m12s33_10.jpeg 4 32 6 4 5 10 79 68 76 25 206 194 195 31 143 125 131
Y2015M06D03h17m12s33_2.jpeg 4 22 9 6 8 18 138 113 120 38 186 172 177 20 64 51 56
Y2015M06D03h17m12s33_3.jpeg 5 25 7 5 8 11 161 149 158 9 61 60 77 22 108 92 99 29 215 206 212
Y2015M06D03h17m12s33_4.jpeg 6 22 7 5 7 22 212 204 207 4 52 50 71 18 99 84 90 23 150 136 143 9 87 92 121
Y2015M06D03h17m12s33_5.jpeg 5 21 8 4 7 11 69 65 78 23 215 205 211 26 125 108 114 16 175 154 159
Y2015M06D03h17m12s33_6.jpeg 5 34 5 3 4 6 53 50 64 27 202 192 199 23 123 104 113 8 78 91 114
Y2015M06D03h17m12s33_7.jpeg 5 23 7 4 7 24 147 135 143 15 71 79 108 22 201 194 201 13 98 84 90
Y2015M06D03h17m12s33_8.jpeg 5 31 6 4 5 21 112 97 104 22 210 199 201 13 171 147 148 10 156 149 165
Y2015M06D03h17m12s33_9.jpeg 5 29 6 4 7 24 209 200 205 13 59 63 82 13 102 85 91 18 149 131 137
Y2015M06D05h12m50s14_1.jpeg 7 10 10 4 3 17 208 178 183 8 122 45 63 11 194 67 92 10 208 136 154 30 243 226 227 11 172 75 97
Y2015M06D05h12m50s14_10.jpeg 8 8 8 4 3 6 117 52 64 26 245 227 226 12 233 83 108 16 176 65 85 10 201 160 159 9 234 162 186 8 173 90 107
Y2015M06D05h12m50s14_2.jpeg 8 18 8 3 3 14 205 175 180 9 130 48 61 11 179 69 89 5 168 107 116 23 242 222 221 11 197 64 87 6 230 147 168
Y2015M06D05h12m50s14_3.jpeg 7 42 244 230 230 2 12 6 5 10 154 60 79 15 161 130 127 7 219 141 161 13 193 62 85 7 106 47 54
Y2015M06D05h12m50s14_4.jpeg 8 7 9 5 4 18 243 224 223 15 136 62 78 15 153 106 109 7 227 96 120 14 222 175 179 13 178 80 100 8 227 151 174
Y2015M06D05h12m50s14_5.jpeg 7 6 9 3 2 8 139 64 79 12 174 154 152 12 180 72 92 42 240 222 222 8 220 147 168 9 207 73 96
Y2015M06D05h12m50s14_6.jpeg 7 10 6 4 3 7 120 47 58 18 216 185 188 15 207 63 88 26 244 231 231 11 177 66 88 9 216 142 162
Y2015M06D05h12m50s14_7.jpeg 7 12 7 4 3 18 189 168 168 4 129 55 68 36 246 232 231 15 192 65 87 6 229 172 188 5 203 109 128
Y2015M06D05h12m50s14_8.jpeg 8 8 9 5 4 9 132 90 93 24 245 231 228 11 148 62 78 14 222 176 183 8 242 92 118 13 182 63 86 9 225 142 164
Y2015M06D05h12m50s14_9.jpeg 7 15 6 3 3 25 241 228 227 6 117 48 61 16 209 62 86 19 218 181 182 9 177 70 90 7 216 145 169
Y2015M06D08h19m36s38_1.jpeg 3 57 27 23 35 36 97 93 105 6 166 159 177
Y2015M06D08h19m36s38_2.jpeg 3 50 25 20 32 38 95 88 98 11 161 146 164
Y2015M06D08h19m36s38_3.jpeg 3 53 23 17 30 27 93 82 93 19 150 138 154
Y2015M06D08h19m36s38_4.jpeg 5 13 10 5 10 16 105 95 102 46 45 42 53 6 126 117 143 17 158 141 151
Y2015M06D08h19m36s38_5.jpeg 4 10 10 6 13 9 98 89 103 42 49 44 57 37 147 137 146
Y2015M06D08h19m36s38_6.jpeg 4 10 10 6 11 5 119 120 149 41 51 47 58 42 142 130 138
Y2015M06D09h10m58s56_1.jpeg 6 26 4 3 3 6 38 24 23 18 184 163 158 20 222 217 217 16 124 105 102 12 79 61 60
Y2015M06D09h10m58s56_2.jpeg 5 12 12 4 4 23 171 145 141 15 67 45 42 25 217 198 195 22 118 93 88
Y2015M06D09h12m07s01_1.jpeg 6 19 8 6 10 12 177 159 184 12 43 39 71 17 93 86 105 16 211 206 218 22 65 76 110
Y2015M06D09h12m07s01_10.jpeg 6 8 21 12 28 7 126 112 130 13 73 63 79 39 56 68 97 23 211 203 212 7 182 159 175
Y2015M06D09h12m07s01_2.jpeg 4 9 19 9 25 32 200 191 202 47 61 65 91 10 118 107 127
Y2015M06D09h12m07s01_3.jpeg 4 16 15 9 20 12 151 137 153 47 60 66 90 24 206 200 209
Y2015M06D09h12m07s01_4.jpeg 6 9 10 6 15 11 174 156 173 32 59 70 102 12 66 57 76 25 208 202 210 9 111 100 116
Y2015M06D09h12m07s01_5.jpeg 4 19 7 5 10 13 164 150 165 44 66 71 97 23 208 203 211
Y2015M06D09h12m07s01_6.jpeg 5 17 6 3 9 28 199 190 200 13 42 40 61 29 67 80 109 10 123 109 124
Y2015M06D09h12m07s01_7.jpeg 6 10 9 4 11 28 203 194 204 8 40 40 68 8 79 69 83 14 125 115 126 28 65 78 108
Y2015M06D09h12m07s01_8.jpeg 5 8 11 7 13 18 207 201 209 17 100 90 105 43 61 71 100 12 163 149 167
Y2015M06D09h12m07s01_9.jpeg 5 7 11 5 13 13 166 150 167 43 60 68 97 15 90 78 95 19 210 204 215
Y2015M06D09h16m15s51_1.jpeg 6 20 6 5 4 5 95 89 76 33 197 195 168 23 203 199 204 5 43 40 46 11 149 142 136
Y2015M06D09h16m15s51_10.jpeg 6 11 9 8 5 8 135 119 128 29 203 201 167 25 204 200 204 11 59 57 57 13 144 138 121
Y2015M06D09h16m15s51_2.jpeg 5 14 11 9 7 41 196 192 194 20 202 201 167 11 57 55 52 12 114 110 100
Y2015M06D09h16m15s51_3.jpeg 6 8 14 13 5 13 124 113 112 31 203 200 172 24 204 198 202 10 57 54 57 10 157 153 139
Y2015M06D09h16m15s51_4.jpeg 6 19 10 8 6 11 151 152 141 27 201 201 165 9 59 56 53 25 204 201 204 6 99 95 83
Y2015M06D09h16m15s51_5.jpeg 6 12 8 6 6 18 141 129 126 27 200 198 168 29 204 200 203 6 62 60 67 5 60 51 36
Y2015M06D09h16m15s51_6.jpeg 4 28 7 5 4 8 84 76 65 49 205 203 193 13 158 148 144
Y2015M06D09h16m15s51_7.jpeg 5 11 11 8 7 16 139 126 124 32 199 196 167 28 203 199 202 10 58 54 55
Y2015M06D09h16m15s51_8.jpeg 6 12 13 9 6 33 202 199 195 21 201 203 163 12 57 54 48 11 119 107 108 8 147 147 129
Y2015M06D09h16m15s51_9.jpeg 5 12 14 10 6 29 204 200 204 32 195 194 163 14 69 61 59 12 130 118 112
Y2015M06D12h09m38s57_1.jpeg 3 17 7 5 8 52 37 31 49 29 103 94 103
Y2015M06D12h09m38s57_10.jpeg 3 64 41 38 59 22 107 98 104 12 11 6 9
Y2015M06D12h09m38s57_2.jpeg 5 13 12 5 8 21 102 91 98 12 53 54 86 7 186 172 175 44 37 32 47
Y2015M06D12h09m38s57_3.jpeg 4 15 11 5 9 20 103 87 96 54 35 31 48 8 166 155 161
Y2015M06D12h09m38s57_4.jpeg 4 18 10 5 9 23 102 90 96 51 36 32 47 5 154 148 152
Y2015M06D12h09m38s57_5.jpeg 4 17 15 7 13 18 96 84 92 53 42 39 60 11 157 144 147
Y2015M06D12h09m38s57_6.jpeg 4 17 15 7 12 14 105 91 97 57 45 39 60 9 162 149 152
Y2015M06D12h09m38s57_7.jpeg 4 17 10 4 8 19 97 88 94 57 38 34 53 5 152 136 142
Y2015M06D12h09m38s57_8.jpeg 4 62 37 35 55 14 101 92 96 15 18 8 14 8 161 146 148
Y2015M06D12h09m38s57_9.jpeg 4 37 3 3 5 8 90 84 92 40 34 34 51 13 133 129 136
Y2015M06D12h12m09s02_1.jpeg 3 4 9 5 5 86 212 210 225 9 166 157 161
Y2015M06D12h12m09s02_10.jpeg 4 10 7 3 4 45 207 211 231 19 109 104 109 24 195 186 190
Y2015M06D12h12m09s02_2.jpeg 4 34 4 3 4 3 128 116 122 49 216 215 227 12 175 168 179
Y2015M06D12h12m09s02_3.jpeg 4 21 6 3 4 11 85 85 87 55 208 208 221 12 140 138 143
Y2015M06D12h12m09s02_4.jpeg 4 13 6 4 5 11 87 91 95 61 211 213 226 13 139 141 147
Y2015M06D12h12m09s02_5.jpeg 3 15 6 3 4 23 128 127 130 61 212 212 225
Y2015M06D12h12m09s02_6.jpeg 4 9 7 5 5 13 88 87 93 61 212 212 223 15 151 147 156
Y2015M06D12h12m09s02_7.jpeg 4 16 6 4 5 55 213 214 227 14 90 88 93 14 154 152 160
Y2015M06D12h12m09s02_8.jpeg 4 17 6 4 5 53 210 211 223 6 64 64 70 23 118 121 126
Y2015M06D12h12m09s02_9.jpeg 3 10 5 5 5 79 206 208 225 10 103 98 108
Y2015M06D12h12m09s03_1.jpeg 5 11 7 10 29 40 185 193 221 16 57 61 85 14 182 181 187 17 100 104 130
Y2015M06D12h12m09s03_10.jpeg 4 14 16 9 14 58 157 161 191 6 55 61 84 20 98 83 94
Y2015M06D12h12m09s03_2.jpeg 5 12 7 3 5 35 174 173 204 27 153 145 149 10 55 44 63 13 107 97 121
Y2015M06D12h12m09s03_3.jpeg 5 24 7 4 4 9 67 57 70 31 167 169 203 22 148 139 146 12 106 98 119
Y2015M06D12h12m09s03_4.jpeg 4 13 8 5 7 10 99 92 107 28 181 182 215 47 141 137 149
Y2015M06D12h12m09s03_5.jpeg 4 25 9 5 7 7 83 71 87 28 181 183 211 38 135 129 141
Y2015M06D12h12m09s03_6.jpeg 5 7 13 8 15 27 140 140 162 28 138 132 132 15 74 65 78 20 184 186 219
Y2015M06D12h12m09s03_7.jpeg 4 15 6 5 10 45 156 160 189 23 66 62 79 16 110 105 115
Y2015M06D12h12m09s03_8.jpeg 5 17 9 5 6 24 156 157 185 17 61 49 51 16 117 101 98 22 100 99 114
Y2015M06D12h12m09s03_9.jpeg 5 15 9 4 6 25 83 72 80 27 140 142 167 19 122 111 114 11 47 32 37
Y2015M06D12h16m06s28_1.jpeg 5 21 3 2 4 17 199 198 202 12 40 39 51 12 129 127 138 35 77 77 93
Y2015M06D12h16m06s28_10.jpeg 4 8 10 9 18 16 199 194 199 46 50 52 69 28 103 104 121
Y2015M06D12h16m06s28_2.jpeg 5 21 7 5 9 14 188 185 192 26 41 43 60 23 82 81 94 13 128 127 140
Y2015M06D12h16m06s28_3.jpeg 4 13 8 6 15 23 183 179 190 33 49 49 68 29 97 94 109
Y2015M06D12h16m06s28_4.jpeg 5 15 10 7 13 20 197 194 199 37 52 53 71 12 121 119 136 14 91 81 87
Y2015M06D12h16m06s28_5.jpeg 5 13 7 4 7 18 202 199 203 16 35 32 48 36 70 69 86 14 128 121 131
Y2015M06D12h16m06s28_6.jpeg 5 12 11 9 15 21 202 197 202 38 60 63 78 8 102 89 87 18 122 121 134
Y2015M06D12h16m06s28_7.jpeg 5 12 7 4 7 20 202 197 201 16 36 37 50 38 74 74 86 12 131 127 136
Y2015M06D12h16m06s28_8.jpeg 4 6 10 10 17 17 193 191 195 49 62 65 79 26 121 115 125
Y2015M06D12h16m06s28_9.jpeg 5 12 18 13 22 20 199 194 195 42 57 58 75 12 115 118 136 11 107 93 97
Y2015M06D12h18m33s55_1.jpeg 5 8 37 43 70 27 158 179 216 28 94 115 161 23 204 207 223 11 97 98 122
Y2015M06D12h18m33s55_10.jpeg 6 3 4 4 9 25 161 181 216 29 97 121 166 17 202 200 215 11 54 64 94 12 124 117 137
Y2015M06D12h18m33s55_2.jpeg 7 11 4 5 8 15 158 185 219 21 100 127 171 5 44 48 76 22 205 207 220 9 138 137 162 14 80 92 122
Y2015M06D12h18m33s55_3.jpeg 6 4 31 39 69 20 161 183 221 14 137 143 171 18 105 131 184 23 205 209 233 17 85 89 122
Y2015M06D12h18m33s55_4.jpeg 6 9 3 3 7 15 67 75 104 24 203 207 221 14 107 134 182 22 166 188 223 12 122 130 159
Y2015M06D12h18m33s55_5.jpeg 7 15 6 6 8 11 107 135 187 14 152 170 203 7 50 54 80 29 199 204 222 9 114 113 131 12 82 95 133
Y2015M06D12h18m33s55_6.jpeg 7 8 3 3 8 19 162 181 213 14 100 128 180 9 48 56 88 9 120 111 130 15 203 205 222 22 98 112 148
Y2015M06D12h18m33s55_7.jpeg 6 2 6 7 14 21 161 182 218 29 100 123 172 16 63 75 106 17 199 204 217 12 126 127 152
Y2015M06D12h18m33s55_8.jpeg 7 19 99 124 182 21 163 183 214 2 16 22 43 17 105 122 156 17 203 205 217 9 122 115 135 11 63 76 108
Y2015M06D12h18m33s55_9.jpeg 7 16 5 5 8 13 104 133 189 19 157 177 209 6 45 51 79 19 201 203 217 10 125 118 141 14 85 102 137
Y2015M06D12h20m52s03_1.jpeg 5 9 10 5 32 15 83 82 110 19 138 137 164 34 41 33 65 21 197 194 216
Y2015M06D12h20m52s03_10.jpeg 5 14 8 5 23 14 97 96 126 14 202 200 220 42 42 38 64 13 142 145 174
Y2015M06D12h20m52s03_2.jpeg 5 15 9 6 28 12 92 92 118 33 43 40 70 23 198 195 219 15 144 144 167
Y2015M06D12h20m52s03_3.jpeg 5 13 8 5 24 17 140 141 173 29 40 35 65 25 197 194 215 13 85 85 118
Y2015M06D12h20m52s03_4.jpeg 4 21 11 7 28 24 125 123 153 20 194 191 213 34 50 44 74
Y2015M06D12h20m52s03_5.jpeg 5 12 8 5 22 12 95 91 122 16 193 190 213 43 41 37 63 15 140 137 168
Y2015M06D12h20m52s03_6.jpeg 5 13 13 7 30 13 96 95 123 35 47 42 69 21 201 196 219 16 144 142 171
Y2015M06D12h20m52s03_7.jpeg 5 13 9 6 26 10 92 91 118 15 202 199 223 43 41 38 64 16 138 137 165
Y2015M06D12h20m52s03_8.jpeg 5 13 10 7 29 12 92 91 118 11 201 199 220 46 43 39 65 17 140 138 165
Y2015M06D12h20m52s03_9.jpeg 5 15 8 6 24 10 89 89 118 38 39 36 62 17 200 199 220 17 137 139 168
Y2015M06D15h11m53s55_1.jpeg 5 7 13 5 11 27 111 94 96 10 55 40 54 7 176 162 168 46 92 54 76
Y2015M06D15h11m53s55_10.jpeg 4 11 27 7 19 6 141 117 132 57 85 49 74 24 186 173 181
Y2015M06D15h11m53s55_2.jpeg 3 4 29 10 13 75 86 47 68 20 103 88 86
Y2015M06D15h11m53s55_3.jpeg 4 10 31 10 26 16 113 90 97 56 86 45 71 16 187 166 181
Y2015M06D15h11m53s55_4.jpeg 4 10 22 6 15 19 184 173 178 62 85 45 73 7 110 92 99
Y2015M06D15h11m53s55_5.jpeg 4 14 20 4 13 9 110 92 101 56 83 43 69 18 182 165 174
Y2015M06D15h11m53s55_6.jpeg 5 12 24 5 16 6 135 112 124 46 93 47 75 10 56 45 62 23 184 168 177
Y2015M06D15h11m53s55_7.jpeg 5 56 2 1 1 10 56 36 53 11 182 168 176 18 98 48 79 2 111 95 101
Y2015M06D15h11m53s55_8.jpeg 5 11 20 6 14 19 180 166 174 50 93 46 76 12 63 51 72 5 126 103 117
Y2015M06D15h11m53s55_9.jpeg 5 16 17 6 15 4 127 107 121 45 93 48 77 10 65 60 81 23 183 170 177
Y2015M06D15h18m36s40_1.jpeg 6 13 9 6 9 19 129 117 129 12 190 202 228 18 69 60 74 25 174 163 169 10 215 211 213
Y2015M06D15h18m36s40_2.jpeg 7 9 5 4 6 9 103 96 120 13 198 204 231 12 55 42 62 20 204 195 199 10 96 76 83 23 151 135 145
Y2015M06D15h18m36s40_3.jpeg 6 9 9 4 5 9 132 125 147 29 202 212 237 13 53 48 66 26 168 157 159 11 97 84 91
Y2015M06D15h18m36s40_4.jpeg 6 5 35 22 31 17 92 78 92 14 153 137 151 42 135 109 109 13 179 157 150 5 226 217 228
Y2015M06D15h18m36s40_5.jpeg 5 16 7 3 4 16 60 49 68 31 159 144 146 20 199 206 234 14 107 90 93
Y2015M06D15h18m36s40_6.jpeg 6 28 4 3 3 19 68 55 67 14 198 205 232 11 135 122 136 14 180 170 171 12 141 122 115
Y2015M06D16h18m13s35_1.jpeg 5 7 4 14 41 16 67 98 154 14 148 166 192 45 129 159 214 16 43 59 90
Y2015M06D16h18m13s35_10.jpeg 6 11 3 7 20 14 63 94 147 5 113 129 162 29 132 164 217 12 31 48 81 25 177 198 230
Y2015M06D16h18m13s35_2.jpeg 6 4 11 26 61 11 63 87 140 15 161 190 235 39 113 142 197 15 157 175 200 13 4 7 12
Y2015M06D16h18m13s35_3.jpeg 6 22 4 5 8 11 61 90 148 21 174 196 229 29 125 157 216 10 36 50 86 4 109 123 161
Y2015M06D16h18m13s35_4.jpeg 5 7 4 7 19 19 88 113 168 35 174 194 225 19 43 58 100 18 136 166 222
Y2015M06D16h18m13s35_5.jpeg 5 3 2 15 46 31 178 203 234 9 45 74 127 31 136 168 224 24 90 120 176
Y2015M06D16h18m13s35_6.jpeg 5 5 5 11 33 38 173 197 231 14 67 95 154 31 125 156 216 9 81 96 136
Y2015M06D16h18m13s35_7.jpeg 4 7 4 7 20 38 129 160 218 17 65 94 154 35 175 198 234
Y2015M06D16h18m13s35_8.jpeg 6 4 2 6 28 17 72 102 161 33 134 165 223 9 36 48 86 26 176 200 232 8 117 134 174
Y2015M06D16h18m13s35_9.jpeg 6 7 3 7 26 30 181 205 237 15 73 105 163 22 132 164 220 14 36 53 90 9 111 130 166
Y2015M06D17h17m33s17_1.jpeg 4 11 7 13 37 39 87 96 128 8 150 161 190 40 38 47 75
Y2015M06D17h17m33s17_2.jpeg 4 23 3 5 13 27 171 184 206 27 31 42 65 22 86 97 128
Y2015M06D17h17m33s17_3.jpeg 5 15 3 7 21 34 181 196 222 12 28 39 69 24 73 87 120 12 118 129 157
Y2015M06D17h17m33s17_4.jpeg 5 36 3 4 6 24 171 185 208 9 7 17 47 10 95 108 141 20 39 51 80
Y2015M06D17h17m33s17_5.jpeg 5 26 4 5 12 8 69 83 122 26 26 39 68 25 183 198 222 13 112 124 149
Y2015M06D17h17m33s17_6.jpeg 4 12 3 5 18 30 90 104 135 24 174 189 216 33 27 39 67
Y2015M06D17h17m33s17_7.jpeg 5 13 3 6 22 19 129 140 173 28 27 37 68 25 179 192 219 12 71 84 119
Y2015M06D17h17m33s17_8.jpeg 5 46 24 30 53 8 77 90 133 8 145 156 187 20 89 84 106 16 145 134 154
Y2015M06D17h17m33s17_9.jpeg 5 27 3 4 9 8 80 95 132 27 36 45 70 20 171 186 207 16 127 133 158
Y2015M06D17h18m42s35_1.jpeg 6 7 29 37 78 12 85 97 135 33 161 190 238 18 182 203 229 21 126 140 180 6 3 7 22
Y2015M06D17h18m42s35_2.jpeg 5 11 4 6 12 4 41 53 95 41 161 187 233 13 177 191 214 29 112 127 161
Y2015M06D18h16m26s08_1.jpeg 6 24 3 4 8 23 65 71 137 19 178 188 222 15 114 126 182 7 6 10 46 10 36 41 82
Y2015M06D18h16m26s08_10.jpeg 5 41 65 66 134 10 166 177 206 22 3 3 7 12 31 38 72 13 103 110 154
Y2015M06D18h16m26s08_2.jpeg 6 6 10 14 41 18 65 66 135 12 160 173 219 10 108 111 163 11 176 185 211 39 3 3 5
Y2015M06D18h16m26s08_3.jpeg 4 36 66 66 138 23 169 180 209 18 4 6 15 21 101 105 156
Y2015M06D18h16m26s08_4.jpeg 7 24 60 62 138 7 102 106 168 22 4 6 13 14 164 176 224 8 51 50 105 9 167 173 198 12 115 110 152
Y2015M06D18h16m26s08_5.jpeg 6 36 62 65 137 8 168 180 211 25 3 4 9 10 23 35 73 12 96 111 167 6 121 124 164
Y2015M06D18h16m26s08_6.jpeg 5 38 61 62 134 10 170 176 210 27 3 3 7 12 27 39 72 10 105 107 153
Y2015M06D18h16m26s08_7.jpeg 7 44 63 61 132 9 103 104 158 27 2 2 5 4 163 171 213 5 106 104 137 4 31 34 75 3 176 184 204
Y2015M06D18h16m26s08_8.jpeg 7 38 63 64 134 10 84 97 151 21 2 2 6 10 30 39 77 7 173 183 213 6 135 151 202 4 110 107 138
Y2015M06D18h16m26s08_9.jpeg 6 49 66 66 135 10 112 113 156 25 2 3 7 5 33 39 79 3 160 170 220 5 172 179 204
Y2015M06D24h10m41s16_1.jpeg 6 10 7 4 4 15 187 194 213 3 68 74 99 55 232 234 238 6 156 150 158 7 111 122 153
Y2015M06D24h10m41s16_10.jpeg 6 9 7 4 4 9 200 213 230 7 54 70 103 9 200 186 187 54 238 238 238 9 97 114 158
Y2015M06D24h10m41s16_2.jpeg 5 4 12 6 7 9 173 185 207 61 235 236 241 15 77 94 128 9 178 164 174
Y2015M06D24h10m41s16_3.jpeg 6 13 5 4 4 20 193 200 213 7 62 74 106 46 239 241 244 3 148 127 141 8 111 122 162
Y2015M06D24h10m41s16_4.jpeg 5 8 8 5 5 12 167 178 196 12 84 95 127 53 235 237 241 12 193 183 183
Y2015M06D24h10m41s16_5.jpeg 6 4 7 4 4 12 178 189 208 63 237 236 237 4 86 99 120 10 186 171 175 3 128 98 109
Y2015M06D24h10m41s16_6.jpeg 6 12 6 5 5 10 189 199 215 7 60 75 103 52 238 240 242 5 188 173 173 10 107 123 155
Y2015M06D24h10m41s16_7.jpeg 6 13 7 4 5 4 86 93 122 52 240 235 234 17 202 216 230 6 168 163 178 5 195 170 171
Y2015M06D24h10m41s16_8.jpeg 7 4 39 22 30 17 204 210 232 41 241 245 247 9 130 128 159 6 145 119 120 14 222 200 197 6 85 74 92
Y2015M06D24h10m41s16_9.jpeg 4 8 8 4 5 11 171 173 194 67 233 230 233 11 69 82 109
Y2015M06D24h10m55s25_1.jpeg 6 21 6 4 5 6 87 95 134 20 208 216 241 7 135 126 141 27 209 202 211 16 147 157 196
Y2015M06D24h12m35s44_1.jpeg 6 5 6 5 10 17 178 161 179 15 79 81 123 41 230 225 233 12 118 131 178 6 109 100 126
Y2015M06D24h12m35s44_10.jpeg 7 11 5 5 7 7 131 111 123 12 71 72 108 14 195 188 204 18 108 116 165 8 179 154 159 27 237 230 234
Y2015M06D24h12m35s44_2.jpeg 6 7 4 5 8 8 159 154 176 22 81 83 119 35 229 226 231 12 117 128 176 12 175 156 162
Y2015M06D24h12m35s44_3.jpeg 6 6 6 6 14 31 230 224 231 24 80 87 123 8 116 101 111 11 110 129 177 16 167 160 174
Y2015M06D24h12m35s44_4.jpeg 6 11 6 5 8 27 229 225 231 9 107 126 176 8 117 102 115 24 85 88 125 18 168 159 173
Y2015M06D24h12m35s44_5.jpeg 6 12 6 6 8 35 223 218 226 24 85 90 126 5 108 91 106 9 118 135 184 11 160 148 159
Y2015M06D24h12m35s44_6.jpeg 7 5 9 7 11 6 119 100 114 21 83 89 125 37 227 221 226 11 120 136 184 10 176 170 193 7 165 145 148
Y2015M06D24h12m35s44_7.jpeg 5 13 9 7 10 15 162 144 154 20 87 89 129 42 227 221 230 8 124 139 184
Y2015M06D24h12m35s44_8.jpeg 6 4 22 15 32 9 143 133 158 24 83 91 129 38 226 220 229 11 113 136 179 11 174 152 160
Y2015M06D24h12m35s44_9.jpeg 6 4 9 6 14 9 160 152 175 28 95 110 155 35 231 225 231 13 182 160 167 8 69 66 94
Y2015M06D24h17m59s30_1.jpeg 3 22 6 6 7 28 161 177 212 49 183 182 197
Y2015M06D24h17m59s30_10.jpeg 5 4 6 5 9 40 160 182 222 25 200 197 203 19 59 65 90 9 129 120 141
Y2015M06D24h17m59s30_2.jpeg 5 13 5 3 7 28 163 182 219 29 205 197 203 18 69 68 91 10 125 124 144
Y2015M06D24h17m59s30_3.jpeg 6 10 4 3 4 38 158 177 216 25 203 196 203 8 52 60 87 8 92 78 96 9 139 128 145
Y2015M06D24h17m59s30_4.jpeg 5 6 7 7 12 9 141 126 131 30 155 174 209 42 199 191 196 10 53 57 82
Y2015M06D24h17m59s30_5.jpeg 5 5 9 6 15 18 150 135 144 35 159 179 218 28 201 194 202 12 60 61 87
Y2015M06D24h17m59s30_6.jpeg 5 7 7 4 8 32 156 172 208 17 146 127 137 31 206 196 204 10 56 58 80
Y2015M06D24h17m59s30_7.jpeg 5 8 6 4 7 34 157 173 211 10 139 123 130 38 200 189 197 8 53 58 85
Y2015M06D24h17m59s30_8.jpeg 5 10 6 5 6 36 161 181 218 26 200 194 200 11 59 67 96 14 117 102 121
Y2015M06D24h17m59s30_9.jpeg 5 5 5 4 5 40 163 186 224 30 198 195 202 16 56 60 87 7 117 113 136
Y2015M06D29h18m06s13_1.jpeg 6 12 4 5 7 9 96 82 75 25 160 138 99 25 196 199 206 23 137 131 131 3 32 15 5
Y2015M06D29h18m06s13_2.jpeg 5 4 38 16 9 20 147 127 100 8 97 87 87 57 167 138 87 9 137 130 127
Y2015M06D29h18m06s13_3.jpeg 7 13 6 4 6 8 57 57 70 19 163 140 101 24 194 196 204 15 118 121 130 12 148 135 123 5 83 67 58
Y2015M06D29h18m06s13_4.jpeg 7 15 6 6 9 16 123 127 133 22 166 141 88 22 192 197 207 5 56 48 47 12 150 137 110 5 89 75 62
Y2015M06D29h18m06s13_5.jpeg 8 17 6 6 8 7 80 82 92 19 165 140 94 21 194 197 205 6 111 95 76 10 153 142 129 13 123 127 135 3 45 26 9
Y2015M06D29h18m06s13_6.jpeg 7 16 8 7 8 4 75 77 85 18 160 137 92 28 196 201 206 6 90 72 57 13 150 138 127 11 119 121 129
Y2015M06D29h18m06s13_7.jpeg 6 7 9 5 7 28 199 201 207 26 166 141 93 8 70 53 43 18 145 129 109 10 122 120 130
Y2015M06D29h18m06s13_8.jpeg 6 17 6 5 7 19 113 116 125 19 169 143 88 23 197 199 205 5 69 51 39 15 152 138 116
Y2015M06D29h18m34s24_1.jpeg 5 17 4 7 16 21 184 189 201 22 36 38 55 28 75 76 94 9 118 121 137
Y2015M06D29h18m34s24_10.jpeg 4 30 3 4 7 21 80 83 97 25 143 148 157 22 29 33 48
Y2015M06D29h18m34s24_2.jpeg 5 16 4 7 18 28 85 89 108 14 181 184 195 26 38 42 60 13 134 135 152
Y2015M06D29h18m34s24_3.jpeg 4 20 3 6 15 33 170 175 187 23 37 43 59 21 87 94 110
Y2015M06D29h18m34s24_4.jpeg 4 35 4 5 9 21 36 41 58 25 167 171 183 17 86 95 111
Y2015M06D29h18m34s24_5.jpeg 4 36 2 2 5 19 26 30 45 24 160 164 178 20 79 84 101
Y2015M06D29h18m34s24_6.jpeg 4 31 4 5 9 19 42 47 63 29 152 157 169 20 84 90 105
Y2015M06D29h18m34s24_7.jpeg 4 30 4 5 8 21 38 44 57 25 158 159 170 22 83 88 102
Y2015M06D29h18m34s24_8.jpeg 4 13 4 7 16 22 147 152 164 27 38 43 59 35 83 88 105
Y2015M06D29h18m34s24_9.jpeg 4 32 3 4 7 25 83 84 98 18 149 152 163 23 28 32 47
